bid
0.5606060606060607
0.5606060606060607
0.3567251233618784
0.26708177052035387
0.26577110286160655
0.26316869049216446
0.5315861705430779
0.4686568286813583
0.32504239482670094
0.23966207012089696
0.1790786676290482
0.25803873907513797
0.25300707825619706
0.2777981089684512
0.29035879460093533
0.22701009420827697
0.25677168078927876
0.3049687490511768
0.32824331286567776
0.26316869049216446
0.25052753662720817
0.26316869049216446
0.23382739729044683
0.23382739729044683
0.21081144008623126
0.15511789277039065
0.2247814372618766
0.3857287835174781
0.38198123187899974
0.25931194036727817
0.16708652075987196
0.13300573524649675
0.23039392744016024
0.4190634690151903
0.23267734882433153
0.2036472028389641
0.12042787598217891
0.12846196796528292
0.42316496317480856
0.32504239482670094
0.3110123257551449
0.1900314186165335
0.11066908895166935
0.2056692708930234
0.376426402292846
0.30199025803001417
0.25803873907513797
0.17819459181947964
0.10169539404426171
0.24443272513050324
0.3602306865614344
0.25803873907513797
0.25803873907513797
0.14116835876617934
0.12468997209317637
0.27508010481131756
0.3532528883685831
0.2764358282897134
0.23267734882433153
