bid
0.9782608695652174
0.9782608695652174
0.6451160883472802
0.4907613785192994
0.488467385578375
0.4839093007088266
0.932305206935083
0.8310084056215933
0.5911304050148056
0.4425430708970349
0.33429361508779665
0.4749117163128522
0.4660703154868406
0.5094769699780191
0.5313217256212764
0.4201325443658208
0.4726868140687198
0.5566063304864495
0.5966125564216996
0.4839093007088266
0.46170746432079235
0.4839093007088266
0.4322208217830942
0.4322208217830942
0.3912895360689238
0.2908200087055482
0.4161742705481678
0.6940013787544912
0.6877134895676461
0.47714637994174036
0.31258278671688255
0.2503630178396254
0.42613640326268487
0.7495627693813842
0.4301836739015463
0.3784789545945042
0.22720448973731514
0.24200921084187574
0.7563533716071209
0.5911304050148056
0.5670267574935242
0.3540402739237184
0.20916320216430695
0.3820980432051085
0.6783776812171193
0.5514624224821012
0.4749117163128522
0.3326962925099239
0.19251657072184444
0.4509667720936599
0.6510517240524654
0.4749117163128522
0.4749117163128522
0.2653354912754196
0.23506381015193867
0.5047369491649787
0.6392295171027035
0.5071018229282729
0.4301836739015463
