bid
0.7954545454545455
0.7954545454545455
0.5165679027037973
0.3902145036360167
0.388350025296327
0.3846465241296047
0.7564712537850891
0.6711270819889322
0.47217324668028304
0.3511059214845337
0.2639274455073773
0.3773403733246513
0.37016685801409377
0.4054404236972085
0.42324486171825876
0.33298748469279216
0.3755346453913357
0.44389718975172543
0.476671462999701
0.3846465241296047
0.3666291575235617
0.3846465241296047
0.3427560299620197
0.3427560299620197
0.3097225816212812
0.22915524816053612
0.3297911251346267
0.5569579425897394
0.5517526125322866
0.3791543908449394
0.24654508972186978
0.1969179459290229
0.3378378698597759
0.6030843575736772
0.341109059633389
0.2994089643207179
0.17851726643702848
0.1902759880642854
0.6087380019246996
0.47217324668028304
0.4524223937366501
0.2797668229464806
0.16420900081376802
0.30232143035769077
0.5440296439866958
0.43969181816113195
0.3773403733246513
0.26264741962985866
0.15102734462689218
0.3579258296754094
0.5214624075732104
0.3773403733246513
0.3773403733246513
0.2088347721863691
0.18475762259469553
0.401581767400222
0.5117164812671651
0.40350670611008804
0.341109059633389
