bid
1.125
1.125
0.7058282423105348
0.5251227041428925
0.522497090622178
0.5172851821432218
1.0646489022901233
0.9345585391673994
0.6417081660984141
0.47029306236936974
0.34988903793735243
0.5070168129583911
0.496952276029646
0.5466082092033574
0.5718319579784071
0.4450639934277422
0.5044817288935991
0.6012258093585579
0.6481736987433793
0.5172851821432218
0.4919951770762503
0.5172851821432218
0.458652722677596
0.458652722677596
0.412827549441938
0.30255175594526573
0.4406244800933005
0.7647680568742399
0.7571394955069194
0.5095646361390864
0.3261770996184792
0.25900919431108305
0.45180727346004257
0.8327935774087926
0.45635945906420805
0.39859352255795427
0.23430243166129058
0.25007872482084026
0.8411843917161612
0.6417081660984141
0.6134021483204158
0.37158088713240855
0.21516378157003632
0.4026095528476092
0.7458390938940415
0.5952285819102062
0.5070168129583911
0.3481395927476656
0.19758844400916575
0.4798176829855892
0.7129398169849597
0.5070168129583911
0.5070168129583911
0.27506682337042787
0.24266951974101386
0.5411557923165539
0.6987876055934873
0.5438751681573406
0.45635945906420805
