bid
0.33333333333333337
0.33333333333333337
0.21070830933105217
0.15728093800330847
0.1565020815775309
0.15495581239774728
0.3157881510043001
0.2778438524372966
0.19179025223263535
0.1410009628480073
0.10513612116752714
0.1519085366651392
0.14892064812549854
0.16365156992447796
0.1711243071137204
0.13349904457761655
0.1511560417537519
0.17982389355347578
0.19369981790074034
0.15495581239774728
0.14744861794377206
0.15495581239774728
0.1375405404899767
0.1375405404899767
0.12390340141804881
0.09099218864882969
0.13217823078414517
0.2280598782858482
0.22581611610382502
0.1526647431717795
0.09805430918243735
0.07796018342617819
0.13550484974203594
0.24804123595898483
0.13685862938566606
0.11966283196194014
0.07055623102860492
0.07528474733358434
0.25050257615200344
0.19179025223263535
0.18342498188535197
0.11160919488388242
0.06481620675920742
0.12085950283347918
0.222491252274971
0.17804966500182307
0.1519085366651392
0.10461384312031613
0.059541435281904406
0.1438313358504784
0.21280384929651117
0.1519085366651392
0.1519085366651392
0.08276857773143825
0.07306438478255083
0.1620353519268223
0.20863314912215236
0.1628414754480346
0.13685862938566606
