bid
0.5833333333333334
0.5833333333333334
0.3659850145313884
0.27228584659261096
0.2709244173596479
0.26822194629648544
0.5520401715578418
0.4845859091979108
0.33273756760658507
0.24385566196930283
0.1814239455971457
0.26289760671916573
0.2576789579412979
0.2834264788461853
0.29650545969250747
0.2307739225180886
0.26158311868556994
0.31174671596369663
0.33609006601508556
0.26822194629648544
0.2551086103358335
0.26822194629648544
0.23781993027727205
0.23781993027727205
0.21405872934026413
0.15687868826791557
0.22847195264097067
0.39654639986071694
0.39259084952210627
0.26421870022026706
0.16912886646884107
0.1343010637168579
0.23427043809039247
0.43181889198974427
0.23663083062588566
0.20667812280782816
0.12149014975029883
0.1296704499071024
0.4361696845935651
0.33273756760658507
0.31806037320317865
0.19267157110569336
0.11156640525853735
0.2087605088839455
0.3867313820191327
0.30863704247195883
0.26289760671916573
0.18051682586915996
0.1024532672640119
0.24879435414067588
0.36967249769590504
0.26289760671916573
0.26289760671916573
0.14262724174762925
0.12582863986571088
0.2805992997196946
0.36233431401143784
0.2820093464519544
0.23663083062588566
