bid
0.75
0.75
0.4705521615403565
0.35008180276192835
0.34833139374811867
0.3448567880954812
0.7097659348600822
0.6230390261115996
0.4278054440656094
0.3135287082462465
0.2332593586249016
0.3380112086389274
0.3313015173530973
0.3644054728022383
0.3812213053189381
0.2967093289518281
0.33632115259573275
0.40081720623903855
0.43211579916225284
0.3448567880954812
0.3279967847175002
0.3448567880954812
0.305768481785064
0.305768481785064
0.2752183662946253
0.20170117063017715
0.29374965339553366
0.5098453712494933
0.5047596636712796
0.33970975742605763
0.2174513997456528
0.1726727962073887
0.3012048489733617
0.5551957182725284
0.3042396393761387
0.26572901503863616
0.15620162110752706
0.1667191498805602
0.5607895944774408
0.4278054440656094
0.4089347655469439
0.2477205914216057
0.14344252104669086
0.2684063685650728
0.49722606259602764
0.3968190546068041
0.3380112086389274
0.23209306183177708
0.13172562933944384
0.3198784553237261
0.4752932113233065
0.3380112086389274
0.3380112086389274
0.1833778822469519
0.16177967982734257
0.36077052821103595
0.4658584037289915
0.36258344543822707
0.3042396393761387
