bid
1.4673913043478262
1.4673913043478262
0.9676741325209203
0.7361420677789491
0.7327010783675625
0.7258639510632399
1.3984578104026246
1.2465126084323899
0.8866956075222084
0.6638146063455523
0.501440422631695
0.7123675744692782
0.6991054732302608
0.7642154549670286
0.7969825884319147
0.6301988165487312
0.7090302211030797
0.8349094957296742
0.8949188346325494
0.7258639510632399
0.6925611964811885
0.7258639510632399
0.6483312326746413
0.6483312326746413
0.5869343041033857
0.4362300130583223
0.6242614058222518
1.0410020681317367
1.0315702343514692
0.7157195699126105
0.46887418007532383
0.37554452675943806
0.6392046048940273
1.1243441540720762
0.6452755108523195
0.5677184318917563
0.3408067346059727
0.3630138162628136
1.1345300574106814
0.8866956075222084
0.8505401362402863
0.5310604108855776
0.3137448032464604
0.5731470648076628
1.0175665218256789
0.8271936337231518
0.7123675744692782
0.4990444387648858
0.28877485608276665
0.6764501581404898
0.976577586078698
0.7123675744692782
0.7123675744692782
0.39800323691312944
0.352595715227908
0.7571054237474679
0.9588442756540552
0.7606527343924092
0.6452755108523195
