bid
0.840909090909091
0.840909090909091
0.5350876850428176
0.40062265578053086
0.39865665429240976
0.3947530357382467
0.7973792558146169
0.7029852430220374
0.4875635922400514
0.3594931051813455
0.2686180014435723
0.3870581086127069
0.3795106173842956
0.41669716345267677
0.43553819190140297
0.34051514131241545
0.3851575211839181
0.45745312357676526
0.49236496929851664
0.3947530357382467
0.3757913049408123
0.3947530357382467
0.3507410959356702
0.3507410959356702
0.31621716012934686
0.23267683915558598
0.3371721558928149
0.5785931752762171
0.5729718478184996
0.38896791055091723
0.25062978113980794
0.19950860286974514
0.3455908911602404
0.6285952035227854
0.3490160232364973
0.30547080425844614
0.18064181397326837
0.19269295194792438
0.6347474447622128
0.4875635922400514
0.4665184886327174
0.28504712792480025
0.16600363342750404
0.30850390633953506
0.564639603439269
0.4529853870450212
0.3870581086127069
0.26729188772921947
0.15254309106639258
0.3666490876957548
0.5403460298421516
0.3870581086127069
0.3870581086127069
0.21175253814926898
0.18703495813976456
0.4126201572169763
0.5298793325528747
0.4146537424345701
0.3490160232364973
