bid
0.8974792704978773
1.1461639991611905
0.9362884825553179
0.6723845336374749
0.5037804536627298
0.4204936697909012
0.5269786904253262
0.43214954804220784
0.48267528938877313
0.4327315951580029
0.5426587592251307
0.6803643889611377
0.5107419650356233
0.37840951544641466
0.4100087416110422
0.5135539675739329
0.646708571087609
0.4812817381328467
0.35749599939638477
0.268444925209189
0.3337225537442351
0.41632269404989675
0.49504208733229577
0.3672794203352301
0.27555584377060816
0.2490790917210765
0.309327551080086
0.36678608094074683
0.3185045743144397
0.3970175154320222
0.352001547454459
0.43955459375203615
0.5510964072895329
0.4279852421152772
0.31939546789471573
0.2406443342624182
0.29871922236175796
0.37196656597304784
0.3227234496284557
0.2668881695243568
0.26688816952435657
0.3317595697364635
0.4138307076142762
0.35409847220522483
0.2659743768500483
0.2659743768500481
0.3306073335477827
0.41236796949319354
0.5165737980708888
0.4298318620308151
0.32072247779248136
0.2416160506965323
0.2999409969321375
0.3735124243885392
0.3238883067414513
0.24393323439346015
0.18501197223294003
0.20177656919146209
0.24994052164803063
