bid
0.8919978870417291
0.9
0.6503370541719309
0.48444399624918244
0.4003587171765408
0.5012117355551747
0.6307663780704931
0.7908302853269172
0.5823175939815151
0.4287573609042216
0.36520978646095387
0.4563669285553527
0.5729459053733059
0.42220180040282995
0.3152373699520429
0.3928768259617878
0.4916517074727256
0.41171722517032616
0.30769361520565874
0.23206417651254724
0.2879329409855547
0.3368128073747261
0.38193996742763586
0.2861891533806299
0.21625631674243773
0.2680870688768091
0.3332713151957782
0.41574984927341513
0.48538471930042215
0.36041599525703377
0.27056767366570256
0.33639963731576616
0.4197222093184663
0.5259906929419275
0.38918757575017265
0.29143483422692423
0.2613580046305876
0.3247889603433388
0.404985478307627
0.507127610203619
0.37584996269877924
0.28177591067209307
0.3505467788364281
0.43770367224894446
0.3263721623458842
0.24575028094477996
0.30513969204900343
0.380089988892209
0.47533058053254196
0.39963302586042904
0.2989819420529273
0.22566491109061904
0.2798944826708978
0.3481704434541204
0.4346814895795865
0.3242043004454142
0.24416451769981415
0.24416451769981412
0.3031453010099911
