bid
0.8938901463384351
1.141185325447489
0.9322214599826747
0.6699271082312578
0.8028399966375935
1.0075887815538231
0.823087945539386
0.6026868106265354
0.4433821917307761
0.49940903528396247
0.626245920716923
0.7555471092811357
0.5597687070896262
0.41296447007127923
0.4730819369119693
0.594504997980136
0.7517449183166338
0.6275087038084112
0.46464847577697277
0.34564705748651336
0.43147272584888136
0.5410448076558567
0.6783408794266931
0.5090359209828129
0.37720162257034207
0.47164751587560333
0.5918784031427556
0.7483237656758338
0.5551151022153671
0.4096965598856175
0.3062385447153054
0.38148104423215423
0.47710528501060073
0.5996869816960226
0.6019027826239118
0.4427144488183806
0.3755664397648459
0.4695624966157943
0.5890570129887305
0.5578547402877938
0.4116204531234964
0.5156169657229229
0.6464604428812588
0.8105068917278531
0.5947712459178374
0.43745077932858084
0.3261907786787731
0.40676390995041983
0.5094027582806224
0.6386693119403417
0.5364943764029587
0.39659323671145374
0.34286446813343113
0.4279358452976165
0.5365117204547799
0.6731391175144256
0.5822753149312643
0.42872781404484717
0.31992909543259707
