bid
0.8921552807295681
1.138779651105832
0.8820272248419438
0.6393151511678714
0.4748513738548429
0.3529193659776223
0.2872072919304813
0.28478967947298206
0.32778019522924556
0.389118160719733
0.48685170702249686
0.6122442866174969
0.5649973190776537
0.7100092988175615
0.8897886926221719
0.644078239222209
0.47899106933734426
0.3558656761329736
0.26725971870195253
0.25568143394169507
0.3176383144015149
0.39591965431326065
0.3231578479514233
0.2857066063090125
0.21590106765963973
0.16416071430829546
0.20292939404820004
0.2513841979000806
0.3122285185227521
0.38906550461875433
0.46426665509825593
0.5820794260503445
0.4285909161317113
0.3198307181435185
0.3359735541456783
0.41918100383687923
0.3580836169315915
0.447295129647399
0.3789577680087779
0.28402873726001593
0.2844618848117173
0.3539394363040722
0.44202022073356895
0.5545737010978885
0.5064843454761289
0.3753943281194422
0.4435921107523946
0.5565911629917575
0.5018259837619384
0.372092597971031
0.27905018783502933
0.27345928079528564
0.3400478621603237
0.4243562250462506
0.3793831643432956
0.284337098016987
0.2148923790590057
0.2663761343990761
0.3311139244322604
