bid
0.847759627088956
1.0774065357879457
0.7780991430726154
0.5742132378135409
0.4230891705080279
0.31587567715240306
0.3936857784123515
0.2946866362362893
0.22250868087430933
0.1916172051359103
0.23722655673067192
0.2944218270543181
0.366529729086643
0.45804812000732775
0.34093461738314007
0.30833568522132615
0.38413587064678817
0.33936714348378666
0.25524275182904405
0.19339970701347398
0.23945618240155775
0.29722529542269455
0.26735053329658615
0.20235848281574825
0.1540477174634069
0.19032142984724496
0.2356057567363905
0.29238389491485944
0.25048621351720957
0.1898742708666299
0.14470201607663868
0.1786831816050164
0.2210609800245224
0.2741151569660236
0.2743297647412029
0.2541460758888936
0.24210623111479956
0.18365514166504934
0.2272728875937111
0.2272728875937107
0.22727288759371034
0.281913966373789
0.35072115610442967
0.3066707188656538
0.2313132950412808
0.17563723723553637
0.1756372372355359
0.21725537814586818
0.2693403605657454
0.2444414993151089
0.18538943395958002
0.15298324684138354
0.18899536801227418
0.2339477916236805
0.2902999806530523
0.2192824260846811
0.1666816082001629
0.20607470065672595
0.25532383432511757
