bid
0.8043360662288618
1.0178000843094428
0.7619025829823383
0.5638499387250677
0.6746398945584625
0.5844832657476926
0.7328023241092896
0.5450778698579257
0.44660645758717216
0.3771530235932903
0.4715855470728192
0.5921324040257949
0.48775419824174665
0.3621008512522824
0.27179259297482783
0.27872585847636133
0.34669518250957104
0.43280552663581745
0.3228575086664869
0.24317876398815969
0.23704011256434507
0.22793382758452285
0.20862900074794455
0.15873357575527122
0.196161544436006
0.24291164725952546
0.3015700055258233
0.37557345480975957
0.28157546817705276
0.21285733493422623
0.21285733493422593
0.2638246904555918
0.32789754213414585
0.40892940610375295
0.4455150297526492
0.38542800151304896
0.3347449994362626
0.41762068840147126
0.3569218775476057
0.2680275545477498
0.2028588383564061
0.2024545520222632
0.25078955513179174
0.3114799952073963
0.27946207291390746
0.22737242051586612
0.2306239462579397
0.2861230917083308
0.3560385009070734
0.44469164259938926
0.33138090031211
0.24941180645500127
0.21185582447651793
0.19903887876303503
0.24651282842072347
0.30609902082155327
0.23089362341166614
0.22382079568402158
0.27757926917196457
