bid
0.803782315580674
1.0170431301896343
0.9568806405363169
0.7034579606588424
0.7873779970539027
0.9873138972640739
0.806525620549658
1.0111903690457533
1.2677910489117943
1.2
1.0025501379487238
0.737032233303798
0.6198658165608486
0.5087453758349084
0.5789819070157359
0.7315383017899705
0.9188182095878552
0.7517846918596278
0.5573467659708038
0.460086775934887
0.5768388565680097
0.7287513081167751
0.9136799692673939
0.7471338028221561
0.5543471828441324
0.4578425704610569
0.574897379256039
0.7262265690996229
0.9036229138700308
0.7397233243023666
0.5495543204981317
0.6894297309993779
0.8621276743572963
0.7042624027483678
0.5264737435156698
0.4370397279551795
0.5481834989789534
0.6915438532020076
0.8649631529794359
0.6421146384293059
0.47728288354969395
0.3546499844333337
0.4429242769427786
0.5557340204520497
0.4582635535026108
0.443908996925435
0.34540724569725517
0.30298422993224794
0.37736275003799225
0.47185297046711844
0.5602478664569861
0.5021774256641472
0.41932160144499736
0.3581882869903983
0.4474283782860149
0.5609682512655179
0.4398654512933474
0.3281684366198711
0.4092731117299103
