bid
0.8320707883959614
1.0558265490685865
0.7590125146033164
0.6031136738716358
0.4437461177518862
0.5567888264698939
0.7027057200904667
0.6028756096049929
0.5067814367940965
0.40034880002866746
0.5011990554815994
0.6284039086450287
0.46542104341507473
0.3461982003651439
0.26022284000518353
0.32335840792429144
0.4031714285421276
0.36030146600862967
0.2704844081154495
0.20467423098802723
0.2535692585299884
0.3149790416529393
0.3925494511208868
0.29386532404872145
0.22190463939120803
0.20702564979374338
0.2565153900636315
0.31868868063739453
0.39725084464425847
0.297261832655374
0.22440105894732815
0.20900364801216123
0.2589938690276776
0.32181034327659663
0.2675301940530741
0.20249126214702345
0.25083552703918843
0.3115378635697018
0.38819069540166895
0.29071361566893017
0.2195866475702028
0.2722648842172733
0.3385409338792594
0.2546397903390271
0.19295295948734129
0.19295295948734117
0.23889737124278881
0.29652265968505376
0.36918737436447435
0.32258855654453167
0.2429819090770325
0.18430546921105792
0.2280853998586062
0.28293441852462603
0.29004528095542853
0.21909509826004525
0.16654195164484198
0.17106796349712453
0.21154939175503978
