bid
0.8248970574410247
0.9
0.6503370541719309
0.48444399624918244
0.359746708751877
0.2863975918333256
0.2593849302934909
0.25938493029349075
0.32230289092088776
0.34887080381580465
0.3980046538731258
0.3427853344675367
0.25773539529982764
0.23521110814671453
0.29188768089564
0.36332521529309786
0.3325107414713453
0.2502371744040951
0.18968967663144926
0.18126594197184287
0.22428786112674162
0.27816553187853627
0.31377729790189557
0.23652733802250975
0.17951202161816668
0.17302559760482944
0.21399382907340872
0.22204999021588848
0.1997933592187772
0.1814656523679181
0.17929308796624902
0.22182300106661756
0.2750716397948679
0.22691263570614384
0.1870123336676696
0.23146877191690135
0.287184731165726
0.35738021011946997
0.31170963772391863
0.23501100482395995
0.17838592967757394
0.22068959200496882
0.27364899466607956
0.3402872182650505
0.2559140164869864
0.1938967816685405
0.19412902487746622
0.2403684465212805
0.29837233953843195
0.3715276718952695
0.2786402762078418
0.21069340789598318
0.26111167976755123
0.3244785372246656
0.2867152662476152
0.2166436371073166
0.16471432445735226
0.16471432445735187
0.20361986518017727
