bid
0.83791426769358
1.0638561888711104
1.1915872606961793
0.8820546757004264
0.6393320364651631
0.47486599831933174
0.3992915706015928
0.34324153938905716
0.39299887793494415
0.4918075947718866
0.6186333910330022
0.7363154065375012
0.6194988040588538
0.5128631824776628
0.6115936567571619
0.7708652912353199
0.9721439181975966
0.7953077357724604
0.585156805881023
0.43074140648845394
0.3213755970135119
0.4006570962240793
0.5015932436623347
0.6289009302964704
0.5237105010030048
0.38757786020980134
0.3344641872193665
0.4172641966802547
0.5228426479342808
0.6556136934226238
0.48904946931398996
0.36302184942383675
0.3159736279055621
0.39380991560191997
0.49284347201846573
0.6199692894582993
0.7772933167047138
0.9808877599327843
0.6991107588994987
0.5230981876771668
0.38714541730862784
0.28995737361967044
0.3608843327857105
0.45086050021044827
0.5659245214630523
0.7143488168307334
0.5330691376505342
0.39417984398525385
0.49331595548501084
0.6185118537331609
0.7317711360392626
0.5444093950147297
0.4021673073277221
0.5035242149412492
0.631299023560983
0.5272054261259499
0.3900446697336104
0.38317075949989826
0.479261040658907
