bid
0.8115768874319339
0.9
0.6503370541719309
0.48444399624918244
0.359746708751877
0.31368092949032644
0.23645666620331685
0.17945953806004927
0.19268553443675582
0.19751950189874554
0.2446112197531231
0.3037069633625567
0.2789565013824782
0.21092665930783633
0.16044920231743365
0.16044920231743331
0.19830036629591782
0.24558852611277632
0.30493619553101603
0.23003996736232324
0.1746906905546421
0.17503505988501852
0.21650302223921686
0.2683965528672556
0.20313154708435588
0.15462574053470016
0.1526424042920577
0.18857076496119757
0.23341698794070334
0.22217918086600244
0.2072432764780545
0.1953587477127746
0.2419068984411304
0.2528781009085447
0.19164718230890437
0.18284466920652034
0.226260294258156
0.28064223252339426
0.2532994031193611
0.1919594561223419
0.1462642551124199
0.18062796281578014
0.22349078435321246
0.24420795357698297
0.18521599194000046
0.14120883084823965
0.1415124124930274
0.17471442312703878
0.2161026247560539
0.26789426744453626
0.24657087302960048
0.1869697016384859
0.15619834629320323
0.19300143980999582
0.2389580124911085
0.22055345998372305
0.16762879660006125
0.13205123994389664
0.16295009969168436
