bid
0.8263094395228802
0.9
0.6616417322834627
0.49432615730812285
0.3667708897657008
0.2751864952162704
0.24879268750155276
0.3089672337632817
0.3849353705697987
0.48151237420438864
0.6037601197372627
0.7138039225126298
0.6084739839998575
0.4483188622619692
0.33397766468668844
0.3562064920273399
0.44490549853119477
0.3772700906101209
0.2828053613661615
0.21376364854397628
0.2649609821315669
0.32932953798556436
0.4107463002674319
0.3537460438987028
0.3089608518273075
0.27964249537014085
0.3478523362154856
0.4342769784756895
0.48216432553085303
0.3581241837084288
0.2689015948564893
0.33429839189390476
0.4170537194148234
0.5225730863956926
0.5213984277341804
0.385944948938541
0.28908884254017536
0.25954834376840674
0.24544981953208467
0.1861379439640721
0.18613794396407204
0.23037568981176482
0.2858111240864632
0.3556442348494949
0.44418973518336013
0.4443037442674269
0.37674364634604285
0.32632145964255266
0.40692971375469184
0.5096148734577934
0.4248609754945598
0.31715015878423447
0.2811136100499975
0.3497102328158725
0.30841074898253096
0.2325906015508562
0.19959125910418352
0.2472041742516049
0.3069687765126418
