bid
0.8679104560587647
0.9
0.6503370541719309
0.48444399624918244
0.359746708751877
0.30467177915017885
0.29627050584502634
0.26508360499178224
0.3058842205806373
0.36450598150912483
0.45547083744455275
0.5390670471680645
0.39840492335137234
0.29809516811296893
0.22501335539285228
0.2250133553928519
0.27907618701042414
0.34713743333868613
0.2609069692746526
0.19759338098460816
0.24470368448164478
0.3038232243313538
0.34820029492310256
0.31966262026151326
0.2408400587676694
0.18271480400481635
0.22609804266611164
0.28043845835709597
0.34649466654516475
0.3034672925349541
0.22896065492855786
0.21674099477736244
0.268695081919854
0.3340379890071915
0.3545026413162459
0.2662684760047787
0.2015587781026641
0.24966778371330423
0.31006816971929707
0.2370888425054477
0.1915120645148016
0.2370950429868996
0.2942564661779108
0.3663206234221156
0.32091343100865266
0.2417558181887753
0.18339490426219285
0.2269477502244514
0.28150562005766416
0.2573689726905886
0.23344161125451815
0.17721933373735985
0.21923204453533687
0.27182004128466103
0.3379796932911313
0.2542301984089352
0.19264936841067593
0.1467811099828728
0.1812714513883081
