bid
0.8354963189782532
0.9
0.6616417322834627
0.49432615730812285
0.3667708897657008
0.2751864952162704
0.3422271709993093
0.4271259001586966
0.5354738796619504
0.4209173617357045
0.3143134287682906
0.23692050871456505
0.1798040045289407
0.22246134466348755
0.27587288582799085
0.3430936489460589
0.4282271134411395
0.3195692821860487
0.24077167631501192
0.18266401873806853
0.22603459235023116
0.2803587702057571
0.34875680463695946
0.3051823270745075
0.27193762900265267
0.20574720909329802
0.25491348267355035
0.3166711445689311
0.39469391030046896
0.3397997703385331
0.2555584776611876
0.23351045031297363
0.2897503953436188
0.3606227477500611
0.3827972092862814
0.2868099590482193
0.21671334905591352
0.21671334905591322
0.2686604012194144
0.33399425833469965
0.34557355654777727
0.259767851077551
0.23797069392481623
0.2953574813435166
0.36771315009103384
0.37320924853259657
0.39574146102113816
0.29617192178920937
0.2236002359640966
0.1698980499811281
0.18486569739677608
0.22878534423302918
0.283813496746429
0.3531204524918298
0.31243902727824735
0.23554591108786913
0.2026835274597695
0.25107630003358083
0.31184094317697747
