bid
0.8435929990133737
1.0716688643600456
0.77300655973877
0.5709579206938399
0.4692581423526323
0.36477109066073166
0.4558083238138888
0.3393343631378315
0.42344989720031184
0.5307646396927754
0.440158951114832
0.39164696235251795
0.29321301735223376
0.3650011431752464
0.45610118396352584
0.5611565746530054
0.46218378188663745
0.34388786548872874
0.2905293533997556
0.269602853772681
0.335182647483636
0.4181764077071149
0.4584638706341763
0.34123165084722107
0.25660260863310513
0.23432629474268532
0.2907756276624502
0.361918999088202
0.45217761377817156
0.38421761125513404
0.3519857260047995
0.43953446382314265
0.551071169169741
0.45488876655791904
0.33867728622180504
0.2975318107985514
0.37046419467776065
0.4630597816272227
0.3906005844252056
0.2924567007925407
0.22194146248976865
0.2752203318959644
0.3422698852933183
0.427180185943068
0.370951816132435
0.2799102427473324
0.27991024274733206
0.3481903388912646
0.43470678901409326
0.5450184187704807
0.4025961963244119
0.3011197922278223
0.3750038417987053
0.4688451338562617
0.3948623731532276
0.2955370413780988
0.223133747626025
0.22313374762602464
0.27671688513779547
