bid
0.9685658631604577
0.9685658631604577
0.7182309057589353
0.4562702702702698
0.459963721133532
0.752226697626697
1.013893780604133
0.5696950183368225
0.3673188216386932
0.19202883573985563
0.39661650253603853
0.5803152418928241
0.4598589727345064
0.28074039750155955
0.4784165396954897
0.6829090754430182
0.6500025499371891
0.41318291214930725
0.2927642043419001
0.5940599669070362
0.8455962940721347
0.5126187059867167
0.30474011382900423
0.1805069601686617
0.39814490895101307
0.6325760126411055
0.8247736388646452
0.7081033654549078
0.4950666296885945
0.2180607104817267
0.5068162091848606
0.5730137368339786
0.5679798093245428
0.41652038781108924
0.24247573610972756
0.38150397166920336
0.5032233540973156
0.6422694685444339
0.6066897284085235
0.40455303722550784
0.37449527184431275
0.49879439541148607
0.6083820484066718
0.5066357623261655
0.4305996505363481
0.30494019478314194
0.4475958286540811
0.5758831759227591
0.5795075880574324
0.49163781842949106
0.32914962473158904
0.18472408350725986
0.3246892271485087
0.45030552444748073
0.6657525273260401
0.618896683473092
0.44706647094678553
0.25087264315965463
0.491090371998667
