bid
1.3
1.3
0.9699999999999995
0.6069999999999993
0.6069999999999993
1.006299999999999
1.3656699999999995
1.0736448999999992
0.5496198699999993
0.2365747389999991
0.5170640619999993
0.9753576557999991
0.6757614477939984
0.3433375925733978
1.109003833316058
1.0381034499844521
1.0020225480619733
0.7925358107534435
0.41610517448118645
0.9744946570330676
1.097045191329761
0.8067497104627369
0.5874246815090101
0.23
0.8069999999999997
0.9788499999999998
1.16308
1.1780104999999996
0.7187145999999995
0.3233594799999993
0.8142715709999993
0.9288827963499993
0.9649211787999992
0.7160555173749991
0.37844818358349896
0.8438117682490492
0.9044305914241444
1.0895119355064093
0.9278862855099024
0.7240403861590304
0.6389439698646172
1.1511074226548035
1.0265685831908484
0.8492254415099331
0.6849339848643111
0.47729198247446547
0.9075846450156677
0.9756065058043166
0.8442655299336692
0.9294838720232227
0.46506129121973916
0.22070258145788108
0.518632323312093
0.5967690909808837
0.8040273377315662
0.7959447572393152
0.6058307715402595
0.3307724638248567
0.5776952174423708
