bid
1.3
1.3
0.9699999999999995
0.6069999999999993
0.6069999999999993
1.006299999999999
1.3656699999999995
0.6653421999999994
0.8518764199999993
0.2040569439999993
0.43365124959999946
0.9402861246399993
0.45431473710399906
0.2684644871661985
0.5450412628078884
0.7855371365270997
0.8216180384495786
0.49502387383562907
0.30668415254539116
0.5669578394844315
0.7902620555359883
0.6164709422612308
0.38311803648735354
0.20500000000000002
0.45099999999999985
0.8486499999999998
0.9858999999999999
0.8419389999999998
0.4756481499999997
0.23959967499999957
0.4506397074999995
0.7486908840999994
0.7486908840999994
0.7160555173749991
0.3300224125254992
0.7402285742968494
0.7895119355064094
0.6937071613038456
0.7913473467927874
0.49711660937392854
0.440385665177653
0.6863470986598875
0.7177123887938989
0.6411072633127295
0.5002179896440024
0.34523978860840254
0.5157158097475621
0.6691442287728058
0.7567048793532374
0.5642170094693236
0.37916451681509455
0.22070258145788108
0.418632323312093
0.7032196104767873
0.8509624935803373
1.0523454572748525
0.6817053872712985
0.3051310789554282
0.751156594251128
