bid
0.4975975975975978
0.4975975975975978
0.23571030640668483
0.023204140979410676
0.02464192949907193
0.29084192949907184
0.530421929499072
0.2210622215179427
0.0406373947787605
0.0
0.10394223608368433
0.25861514343417
0.11913660278216981
0.0
0.093078692299719
0.2449708230697471
0.2449708230697471
0.12704821460285592
0.0
0.18163153290369305
0.3498704876391022
0.19355753640301232
0.0
0.0
0.07927474997190673
0.2358747499719067
0.44601843746488334
0.2510834139886577
0.07563078007985803
0.0
0.10120582105106313
0.21516743860106313
0.21516743860106313
0.12274640302185255
0.0
0.1516594547233785
0.29334002185886143
0.38745743759608353
0.28259796170981044
0.13186379520040267
0.137993887486209
0.26068732896353664
0.3463819756349341
0.2603894995755765
0.15137106752515211
0.05027944658821762
0.20022368704611126
0.3064433617558953
0.3251670068278927
0.20236443461554787
0.0708945366688232
0.0
0.10867262446227617
0.2359131727971267
0.3061936637508687
0.2541786942080768
0.11408959012888911
0.008637444073350847
0.15577068564426222
