bid
0.4975975975975978
0.4975975975975978
0.15368421052631548
0.03606295399515673
0.036366235534376665
0.30256623553437656
0.5421462355343767
0.76369607927056
0.022680706711152854
0.0
0.04598902226731428
0.1622211394773142
0.052902482209237794
0.0
0.06225681661257138
0.19226479074402772
0.23839718611604158
0.06535310826641053
0.0
0.08631519018255052
0.3068824442706175
0.10656516647135135
0.0
0.0
0.08027222489187882
0.518857616530514
1.138509324843825
0.3330183940338378
0.054607661756001215
0.0
0.13914683709004685
0.3866434907350702
0.30702029886421744
0.17551538875348874
0.0
0.31654375706803217
0.4647521600919323
0.6571368050303682
0.3067938377801617
0.13227755706954475
0.29887623121538864
0.3448376646976233
0.5079190965392
0.37930170775717387
0.1773468840576389
0.06936605197632176
0.2267285330278537
0.3459918688097131
0.36835476597423245
0.2760406567639129
0.09723357083126857
0.0
0.13066026836339525
0.32918615795651984
0.5811530778502815
0.3381093167877416
0.1146649224897522
0.0
0.16731108085035074
