bid
0.4975975975975978
0.4975975975975978
0.25421408674890533
0.03538134206219255
0.0
0.1778842105263152
0.4174642105263153
0.2171185421052625
0.08814694487632445
0.0
0.12125528523930602
0.8658650242057925
0.18106932946999643
0.0
0.0720632051144717
0.2982580603938946
0.2982580603938946
0.18693764876778796
0.0
0.23013418725852494
0.521382542543225
0.27173846339193164
0.0
0.0
0.08853313542303276
0.33705647865188104
0.5844331354230328
0.3773003012407816
0.06728468096446621
0.0
0.11903976036085707
0.33430059351085706
0.33430059351085706
0.1641442421729205
0.0
0.18764367630708723
0.39205331048001313
0.6001860706982973
0.4297253061223302
0.17199544620753093
0.16473337137408883
0.34588908339271207
0.40192291510968836
0.37005463173378217
0.23314055886848917
0.04193690004739658
0.3652591663502174
0.4304897714543259
0.43060731268371155
0.2607175088915821
0.07665246698254244
0.0
0.13197417947546478
0.3000514072670592
0.3680517628761293
0.39178076519427685
0.1515069748987301
0.0
0.10378817319849645
