bid
0.31849958066174294
0.31849958066174294
0.17612727214713164
0.042005528875673596
0.05916554443234955
0.20494845222693475
0.33615306924206156
0.1955151511569258
0.0705658416806152
0.0
0.08718282970978883
0.17112087592235758
0.09557663433104552
0.007657017886840409
0.11526537874728762
0.21211290352169015
0.24016855314995472
0.11608896867887601
0.00602248133634431
0.15164496988055018
0.2610282984739313
0.14204008338647076
0.04590196180888607
0.0
0.06468101822857211
0.17110060426991205
0.25986369806127735
0.18775486445443634
0.09275618185601542
0.026471705407832613
0.10272588677955327
0.2700359474674484
0.1859205747573498
0.11433092307080105
0.042340524876388015
0.12775328424610138
0.19602378223501468
0.25544776805211566
0.19046745166595372
0.13004677097159995
0.12421589262713378
0.16039613835857883
0.19881637335443536
0.18177433869931325
0.13423969713729067
0.08299078746019044
0.143755719683518
0.1953306126762484
0.19487575288689457
0.16009944383706687
0.0919742892314395
0.036636289001970634
0.09782079128023684
0.15288684333067643
0.21813467373594814
0.1893284513733833
0.11627062876477376
0.0
0.1321427096140906
