bid
1.3
1.3
0.9699999999999995
0.6069999999999993
0.6069999999999993
1.006299999999999
1.3656699999999995
0.7281579999999995
0.5909737999999993
0.21706406199999922
0.4962108588999994
0.8078218902199992
0.5650380924489987
0.2965419016938982
0.7918877115245082
0.8937798422945364
0.8576989403720575
0.5444018580650827
0.3674736091763886
0.7966683504523291
0.9436536234328746
0.7252016669478057
0.38311803648735354
0.20500000000000002
0.4704999999999999
0.7835499999999997
0.9416049999999998
0.8082144999999997
0.5198420499999996
0.23029302999999962
0.5272637269999996
0.6045373542999996
0.6045373542999996
0.5435599725099993
0.31791596976099923
0.5884369773207495
0.6745932795886745
0.842133951629807
0.73077050324564
0.46875113727579076
0.4120201930795152
0.5052892488832397
0.6147603239949158
0.5578599920338481
0.5310039888473872
0.34523978860840254
0.5837376705362112
0.62536390348259
0.62536390348259
0.597375367288561
0.37916451681509455
0.1948377425740494
0.35035396831664445
0.49031857148498004
0.6162867143364819
0.5761727286374263
0.4540815400781817
0.24102761678185686
0.39192485510367114
