bid
0.4582452124885161
0.31450674417871965
0.6625918533091674
0.6073067941108157
0.524172803341964
0.2424724809422379
0.27239500530842026
0.42313103367796767
0.6135487034255703
0.6054901994844637
0.379955589512834
0.21088701880481656
0.31077425035796785
0.5614544367587384
0.6174621312922697
0.44764200264347404
0.1843916926682793
0.19145337457305037
0.5010504197547657
0.5922771375109622
0.5515576542753049
0.23406347524384435
0.1608229049338663
0.36013786251109675
0.5854656014163699
0.5356221793624425
0.33141113680287543
0.18736552016516572
0.27730874128934374
0.5616028851497044
0.527521446634815
0.4585004595318268
0.20597366918865648
0.17814093067089318
0.5542905523718427
0.5600085770005692
0.5339577466511877
0.18834987287703622
0.12268712497118263
0.43254231480632993
0.5644679861320663
0.5548231123096727
0.2661419835058349
0.13274661020393178
0.24764429297234972
0.5593860894738526
0.5447437970883491
0.46792988734349394
0.23928518549127561
0.18344070400854542
0.5717995607394386
0.5421555441604772
0.5446854299851095
0.2911435546673403
0.16544570165281672
0.41872107503470524
0.5415696244092948
0.5413750481238385
0.212292394413981
