bid
0.3363538173196197
0.22207062998648633
0.5071911030818635
0.45995871492299817
0.3914219697884143
0.16941076682492168
0.19262665017732228
0.30540835770259367
0.47038733929293725
0.46420915293808884
0.2770673049011229
0.14684895349257757
0.21955890341441323
0.42324338630340846
0.4733876339907401
0.32847921766389454
0.12749377877759
0.13205494074781698
0.3713035300230292
0.4540791387584044
0.42234296113426567
0.16312903660934272
0.1102226223801938
0.2569959302959216
0.4488569610858836
0.4106436708445392
0.23545084369872235
0.1291493305837771
0.19426949005858501
0.4305622119481067
0.40443310908669156
0.3379671430587467
0.14262486914635178
0.12244319251542764
0.41966042969958967
0.4293399090337697
0.4030567537535242
0.12978532985077734
0.08347274241561375
0.3141309687714042
0.43275878936791745
0.4253643861040824
0.18642279427672706
0.09052901429232323
0.172442556062309
0.42886266859662037
0.4176369111010676
0.3459674011336214
0.16658635312098552
0.1261241405470774
0.43732106534983717
0.41565258385636583
0.414296976462804
0.20510979032085425
0.11337546313780864
0.303164609976816
0.41520337871379276
0.4150542035616095
0.1722144595364081
