bid
0.5045307259794295
0.3331059449797295
0.7607866546227954
0.6899380723844972
0.5871329546826215
0.2541161502373825
0.2889399752659834
0.4581125365538905
0.7055810089394059
0.6963137294071333
0.4156009573516844
0.2202734302388663
0.32933835512161985
0.6348650794551127
0.7100814509861101
0.49271882649584187
0.19124066816638494
0.1980824111217255
0.5569552950345438
0.6811187081376066
0.6335144417013984
0.2446935549140141
0.16533393357029066
0.38549389544388246
0.6732854416288254
0.6159655062668089
0.3531762655480835
0.1937239958756656
0.29140423508787755
0.6458433179221601
0.6066496636300374
0.5069507145881201
0.21393730371952766
0.18366478877314146
0.6294906445493845
0.6440098635506546
0.6045851306302863
0.19467799477616599
0.12520911362342063
0.47119645315710623
0.6491381840518762
0.6380465791561236
0.27963419141509066
0.13579352143848483
0.2586638340934635
0.6432940028949305
0.6264553666516015
0.5189511017004321
0.2498795296814783
0.18918621082061612
0.6559815980247558
0.6234788757845487
0.621445464694206
0.3076646854812814
0.17006319470671294
0.454746914965224
0.6228050680706891
0.6225813053424143
0.2618672811185971
