bid
0.26572377604972636
0.17740719761332
0.3885415866219643
0.3665839509578983
0.3223666022604512
0.1333801821947944
0.14870343032070663
0.24583393560234992
0.3844471253292373
0.3803564548139287
0.22327014505184872
0.11561195403929053
0.1716217068353554
0.33663999806060113
0.3679337163115431
0.25368612953672365
0.10257205928489613
0.10463801480534107
0.2918160333849252
0.3636304682613839
0.337590274887841
0.12999572300736176
0.08616980237313844
0.20694327765548137
0.3496433940365289
0.34040653940329757
0.18220055798411788
0.1014543751338256
0.15278779404616077
0.3504172159079014
0.3300509763167245
0.26476798743685254
0.11411068145427326
0.09793691370826765
0.32396085378774286
0.3402723181867346
0.310522609609517
0.10262018444252488
0.06770237417707668
0.24781692547771406
0.3449373759283597
0.3304480208064316
0.14780474036330085
0.07276002509017056
0.13889211886560945
0.3507904282971529
0.327502940487175
0.27796560523281605
0.13275432168034132
0.09952300679543896
0.34830401005683886
0.33611619124635744
0.31866304567856185
0.16432366195586953
0.08754537801780009
0.23936636733779962
0.3403465242109913
0.3374654762327185
0.18515868361921
