bid
0.3734392613779761
0.2560172834272728
0.5304087001821908
0.5041459135584008
0.4477000668667427
0.19386396648379128
0.21437456361629942
0.3494887210420822
0.5242460799944146
0.5186678929280847
0.31519214206091783
0.16842042600822035
0.24757336115512563
0.4644731581232986
0.5017277949702862
0.35659047269261324
0.1501402536191246
0.1534156960801788
0.40741878787269237
0.49585972944734175
0.4607436782329964
0.18926327650854538
0.1268820377752031
0.2964979996110326
0.47678644641344853
0.4641907355499513
0.2618369014252199
0.14881475677165606
0.2216700890174665
0.47784165805622925
0.4500695131591698
0.3710149394540228
0.1668649813960412
0.14393001475775066
0.4456353229488863
0.46400770661827445
0.4280390107407526
0.15055800846280706
0.10018066791212286
0.35082444050078093
0.47036914899321786
0.4506109374633159
0.2144590347939494
0.10749515844067704
0.2023358900070155
0.4783505840415722
0.44659491884614777
0.3886939773275001
0.19342230480993047
0.1462311277387723
0.4757607382163007
0.45834026079048745
0.4369435896572272
0.23750073683716
0.12891935763169352
0.33957218841524234
0.4641088966513519
0.4601801948627981
0.2625369402939472
