bid
0.3878086343474695
0.26178500513739117
0.5603536600397654
0.5302773494889417
0.4681856877375622
0.19741042751716287
0.2193348961104483
0.360495682391478
0.5542029988512382
0.548306058238261
0.32645675664197793
0.1712761431800578
0.2532071892110727
0.4876084946762146
0.5303979546828739
0.37026974218545444
0.15226473093810722
0.15543931101036895
0.42473608056108975
0.524194571130047
0.48682466914657646
0.1925377382242581
0.12823784679492
0.30445052353799795
0.5040313862085027
0.49071592043851997
0.2683877217400524
0.15073864587398886
0.22596243304705202
0.5051468956594424
0.4757877710539794
0.3859503918547404
0.16932271898768042
0.14563021807469398
0.46866729879615937
0.49052243271074725
0.4496075271256227
0.15248501886336724
0.10096517839983266
0.3627678391955181
0.4972473860785446
0.47636013388979104
0.21860079236595042
0.10843508940900776
0.20576576903067187
0.505684903129662
0.47211462849449903
0.4048393661970567
0.1966846920731199
0.14797591771270724
0.5024437535699907
0.4845311328356582
0.46040129186329326
0.24263488317809961
0.1302900487145544
0.350702109896075
0.49062940503142916
0.48647620599781505
0.1774522726348517
