bid
0.1272842668624056
0.08709508708085487
0.11110848169774946
0.11551957451208798
0.12099243440395004
0.06883191294398211
0.07622182183072468
0.10633201487832353
0.1066974621255104
0.1074744030586573
0.09383050188444729
0.06268341822113586
0.08430119504560504
0.112236506122906
0.10359937472678533
0.10511728751317549
0.05727589769753647
0.05636788132545136
0.1108062523766635
0.10100585697737852
0.09903260084950707
0.07059996551349688
0.046435812929958874
0.09385066288969957
0.10072898937421
0.09595101988775362
0.09181223620332918
0.056057038985073464
0.07839076620122601
0.09919411447822275
0.09763448818162401
0.10598407730456903
0.06294736297882285
0.05255310935866937
0.10695685083584226
0.09588423534486286
0.10269645675577947
0.05442434296639081
0.03607229575627057
0.10567652733798064
0.09649411830126829
0.09446920875140508
0.07560930616664081
0.0409846416680232
0.07051869633913631
0.09787360828837502
0.09633395189746377
0.10844682909658282
0.07060504841070343
0.054419263002261485
0.09802162727563199
0.09582004263012611
0.10187105411912666
0.08244328558993189
0.04750734006311259
0.10375630999550992
0.09820527242328587
0.09609410152432486
0.11440491921944702
