bid
0.2585390895649797
0.17452333675826082
0.373569106693177
0.3535182329926278
0.31212379182504146
0.1316069516781086
0.14622326407363218
0.240330454927652
0.3694686659008255
0.36553737215884063
0.21763783776131862
0.11418409545337184
0.16880479280738184
0.3250723297841431
0.35359863645524925
0.24684649479030296
0.10150982062540481
0.10362620734024598
0.28315738704072646
0.3494630474200313
0.32454977943105096
0.1283584921495054
0.08549189786328
0.20296701569199865
0.3360209241390018
0.3271439469590133
0.1789251478267016
0.10049243058265922
0.150641622031368
0.3367645971062949
0.3171918473693196
0.25730026123649363
0.11288181265845361
0.09708681204979598
0.3124448658641062
0.32701495514049816
0.2997383514170818
0.10165667924224482
0.06731011893322178
0.2418452261303454
0.3314982573856964
0.31757342259319404
0.14573386157730028
0.07229005960600518
0.13717717935378124
0.337123268753108
0.31474308566299936
0.2698929107980378
0.1311231280487466
0.09865061180847148
0.33496250237999387
0.32302075522377205
0.30693419457552884
0.16175658878539972
0.08686003247636963
0.2338014065973833
0.32708627002095275
0.32431747066521005
0.2334320617340935
