bid
0.6873678187327741
0.47176011626807945
0.993887779963751
0.9109601911662236
0.7862592050129461
0.36370872141335675
0.4085925079626304
0.6346965505169516
0.9203230551383556
0.9082352992266955
0.5699333842692509
0.31633052820722485
0.4661613755369517
0.8421816551381077
0.9261931969384046
0.6714630039652111
0.27658753900241895
0.28718006185957556
0.7515756296321486
0.8884157062664434
0.8273364814129575
0.3510952128657665
0.2412343574007994
0.5402067937666453
0.8781984021245549
0.8034332690436637
0.49711670520431317
0.28104828024774864
0.4159631119340156
0.8424043277245566
0.7912821699522227
0.6877506892977402
0.30896050378298473
0.2672113960063398
0.831435828557764
0.8400128655008537
0.8009366199767816
0.2825248093155544
0.18403068745677395
0.6488134722094948
0.8467019791980994
0.8322346684645091
0.3992129752587524
0.19911991530589765
0.3714664394585245
0.839079134210779
0.8171156956325236
0.7018948310152409
0.35892777823691346
0.27516105601281815
0.8576993411091578
0.8132333162407157
0.8170281449776643
0.4367153320010104
0.24816855247922506
0.6280816125520579
0.8123544366139424
0.8120625721857577
0.4525179986192754
