5547.0 498.903846154 509.326923077 274.615384615 267.0 577.923076923 301.326923077 227.326923077 311.057692308 271.692307692 508.307692308 503.730769231 318.384615385 261.807692308 253.269230769 527.942307692
6630.0 524.442307692 528.576923077 237.423076923 233.134615385 564.865384615 295.134615385 225.75 323.942307692 261.442307692 536.057692308 529.403846154 241.826923077 293.5 222.307692308 555.480769231
6771.0 577.653846154 629.230769231 339.480769231 336.634615385 630.576923077 311.903846154 241.980769231 342.346153846 318.326923077 645.826923077 588.961538462 283.038461538 283.807692308 327.807692308 671.365384615
6217.0 612.057692308 658.269230769 347.019230769 308.442307692 602.576923077 323.365384615 271.653846154 342.442307692 319.692307692 645.038461538 532.596153846 284.884615385 258.980769231 341.711538462 666.596153846
1785.0 557.115384615 548.211538462 271.076923077 324.538461538 583.576923077 318.75 319.134615385 371.423076923 316.307692308 602.576923077 517.673076923 327.153846154 288.692307692 326.653846154 663.153846154
4052.0 452.115384615 469.615384615 315.615384615 373.269230769 493.980769231 398.115384615 378.634615385 388.942307692 321.019230769 481.288461538 420.076923077 312.115384615 374.538461538 418.326923077 649.346153846
8679.0 481.096153846 464.442307692 380.846153846 398.557692308 600.75 399.307692308 345.711538462 388.634615385 357.461538462 481.711538462 443.730769231 352.846153846 377.807692308 472.826923077 627.788461538
10577.0 489.653846154 477.788461538 431.192307692 397.923076923 580.653846154 413.769230769 389.653846154 398.711538462 439.653846154 569.288461538 446.461538462 370.884615385 344.403846154 467.211538462 583.288461538
8573.0 510.557692308 471.596153846 365.961538462 440.807692308 535.288461538 472.115384615 371.711538462 437.576923077 382.923076923 543.653846154 416.711538462 382.057692308 395.326923077 465.038461538 572.980769231
6355.0 395.5 420.884615385 347.057692308 400.615384615 443.173076923 462.134615385 382.807692308 400.538461538 384.730769231 447.442307692 293.519230769 373.057692308 398.288461538 430.519230769 533.826923077
1449.0 290.480769231 454.615384615 369.75 459.403846154 482.903846154 464.615384615 460.5 390.038461538 410.557692308 397.769230769 358.365384615 407.192307692 433.596153846 470.057692308 478.269230769
6811.0 451.307692308 474.326923077 405.942307692 453.403846154 486.480769231 501.365384615 480.903846154 466.115384615 442.826923077 399.057692308 384.25 437.673076923 411.942307692 528.634615385 582.865384615
6568.0 398.519230769 475.557692308 401.326923077 505.057692308 524.923076923 467.596153846 446.326923077 411.0 448.269230769 441.096153846 404.153846154 436.192307692 423.826923077 568.25 542.442307692
3870.0 439.634615385 484.961538462 423.673076923 462.211538462 492.557692308 461.557692308 457.942307692 444.865384615 479.923076923 549.903846154 400.115384615 463.307692308 409.807692308 519.673076923 520.942307692
5906.0 475.134615385 538.557692308 386.480769231 464.346153846 555.076923077 456.519230769 453.788461538 447.576923077 454.423076923 522.019230769 435.0 418.519230769 447.961538462 537.769230769 594.461538462
4813.0 395.5 465.076923077 366.0 465.673076923 485.903846154 450.673076923 491.576923077 425.538461538 448.942307692 470.730769231 399.5 408.923076923 432.980769231 550.865384615 515.346153846
4959.0 437.711538462 483.403846154 417.384615385 476.673076923 479.0 474.961538462 489.557692308 418.5 466.5 443.115384615 366.615384615 471.153846154 434.634615385 540.5 443.038461538
6724.0 356.807692308 422.25 417.769230769 449.980769231 413.807692308 437.576923077 416.211538462 409.923076923 435.942307692 438.788461538 390.096153846 430.557692308 448.403846154 524.961538462 406.211538462
203.0 344.576923077 487.673076923 363.134615385 445.615384615 483.0 413.903846154 474.826923077 456.576923077 413.615384615 469.557692308 347.403846154 445.769230769 375.326923077 467.788461538 492.403846154
4985.0 380.884615385 474.826923077 348.692307692 467.403846154 415.461538462 418.0 521.25 430.019230769 467.019230769 550.634615385 348.076923077 451.038461538 399.153846154 502.865384615 497.423076923
7593.0 430.615384615 457.480769231 433.673076923 461.730769231 457.346153846 425.115384615 450.173076923 426.211538462 470.192307692 475.346153846 393.211538462 441.115384615 433.615384615 497.923076923 510.865384615
4944.0 443.057692308 407.288461538 456.826923077 483.288461538 502.634615385 415.826923077 510.769230769 401.153846154 533.019230769 455.115384615 418.384615385 487.673076923 457.019230769 503.673076923 459.75
9051.0 328.307692308 400.980769231 460.576923077 444.75 415.711538462 369.019230769 473.673076923 429.75 475.461538462 444.653846154 405.423076923 461.942307692 438.653846154 433.384615385 417.865384615
7674.0 344.346153846 403.634615385 394.365384615 414.269230769 488.884615385 413.596153846 449.788461538 435.307692308 465.788461538 440.384615385 389.788461538 431.288461538 421.903846154 501.134615385 408.423076923
1412.0 357.230769231 402.192307692 395.269230769 415.884615385 465.134615385 410.076923077 466.730769231 420.807692308 545.884615385 463.673076923 416.711538462 474.942307692 431.942307692 423.961538462 503.538461538
6236.0 350.307692308 429.173076923 435.461538462 444.0 487.673076923 452.519230769 494.942307692 420.134615385 474.557692308 513.019230769 439.75 441.903846154 481.173076923 484.903846154 575.115384615
2890.0 355.634615385 511.711538462 505.0 432.923076923 498.788461538 464.365384615 490.673076923 426.576923077 516.307692308 433.961538462 435.038461538 436.961538462 443.961538462 470.596153846 624.519230769
7991.0 368.769230769 431.884615385 505.057692308 471.980769231 507.519230769 389.134615385 465.980769231 433.038461538 541.134615385 378.25 385.211538462 471.269230769 465.0 473.576923077 525.384615385
9465.0 331.826923077 422.173076923 475.346153846 454.5 449.346153846 402.807692308 431.442307692 422.057692308 496.173076923 435.307692308 363.038461538 424.673076923 432.884615385 441.769230769 546.769230769
2595.0 327.365384615 454.519230769 416.807692308 376.346153846 479.980769231 420.923076923 439.153846154 402.980769231 480.442307692 418.615384615 348.923076923 412.076923077 442.692307692 422.403846154 524.730769231
10017.0 311.596153846 498.096153846 423.269230769 422.076923077 503.615384615 415.615384615 429.596153846 442.711538462 485.25 436.865384615 394.615384615 401.192307692 420.903846154 416.711538462 530.788461538
5218.0 341.884615385 474.173076923 495.615384615 433.865384615 448.5 443.519230769 434.519230769 407.769230769 584.980769231 455.461538462 400.0 422.730769231 473.096153846 447.307692308 561.923076923
4704.0 340.692307692 475.038461538 538.384615385 421.461538462 396.730769231 429.211538462 463.096153846 384.673076923 578.576923077 397.461538462 389.557692308 444.673076923 477.519230769 438.519230769 491.615384615
10647.0 304.403846154 431.0 503.75 417.288461538 446.461538462 432.576923077 462.826923077 390.711538462 454.403846154 420.192307692 386.961538462 369.769230769 467.0 403.865384615 471.730769231
10330.0 313.942307692 325.673076923 442.711538462 386.884615385 510.903846154 426.096153846 425.096153846 374.153846154 456.75 478.403846154 343.942307692 356.5 449.0 363.576923077 478.269230769
7908.0 333.903846154 413.576923077 446.384615385 417.384615385 415.192307692 428.769230769 425.634615385 373.173076923 495.865384615 467.711538462 363.365384615 390.403846154 469.692307692 377.0 499.692307692
8543.0 417.038461538 395.865384615 513.846153846 448.173076923 490.423076923 419.019230769 442.288461538 437.326923077 504.307692308 490.980769231 406.538461538 413.961538462 493.269230769 391.75 522.019230769
2880.0 368.615384615 509.557692308 526.730769231 436.269230769 516.134615385 452.769230769 467.75 443.096153846 482.230769231 461.288461538 450.596153846 422.653846154 550.230769231 484.692307692 572.5
7690.0 314.288461538 418.423076923 485.076923077 444.826923077 440.865384615 395.596153846 446.634615385 412.75 519.942307692 373.615384615 397.903846154 403.711538462 475.038461538 424.596153846 465.75
7388.0 327.403846154 416.653846154 441.326923077 413.115384615 472.730769231 401.019230769 468.557692308 378.269230769 481.826923077 469.75 300.173076923 421.653846154 418.211538462 434.5 499.423076923
2625.0 361.961538462 383.826923077 389.346153846 361.423076923 479.576923077 369.5 434.0 365.211538462 461.846153846 459.192307692 358.538461538 407.807692308 440.557692308 397.192307692 478.615384615
2589.0 375.384615385 475.442307692 437.846153846 436.480769231 494.711538462 397.269230769 449.75 441.538461538 468.346153846 551.384615385 387.384615385 478.942307692 450.903846154 448.211538462 512.557692308
4680.0 392.75 428.711538462 426.288461538 434.038461538 468.75 377.961538462 505.403846154 456.0 497.788461538 465.980769231 383.384615385 488.230769231 514.903846154 404.019230769 521.75
3149.0 425.096153846 451.711538462 473.519230769 396.423076923 453.115384615 386.25 472.846153846 472.096153846 551.192307692 447.576923077 437.730769231 512.692307692 452.519230769 445.346153846 454.038461538
9455.0 416.076923077 368.884615385 432.769230769 363.5 415.307692308 379.384615385 501.403846154 432.826923077 438.365384615 422.384615385 339.942307692 446.0 420.634615385 416.423076923 392.038461538
3.0 394.903846154 371.288461538 441.653846154 355.788461538 456.423076923 374.288461538 461.5 447.961538462 487.980769231 451.846153846 333.057692308 434.673076923 418.634615385 387.365384615 438.942307692
131.0 373.673076923 454.865384615 443.269230769 392.980769231 525.673076923 400.942307692 494.076923077 446.730769231 488.346153846 500.480769231 376.846153846 446.057692308 431.365384615 469.173076923 451.192307692
2.0 452.326923077 533.884615385 489.192307692 396.653846154 512.25 409.173076923 529.326923077 452.884615385 520.673076923 522.692307692 452.269230769 481.923076923 499.596153846 472.461538462 500.730769231
3517.0 379.615384615 509.25 473.307692308 438.961538462 514.576923077 422.903846154 540.961538462 489.634615385 480.5 484.942307692 434.269230769 508.884615385 477.134615385 463.019230769 470.903846154
7432.0 290.096153846 349.019230769 425.365384615 400.269230769 436.942307692 367.384615385 480.942307692 486.096153846 469.942307692 400.692307692 322.365384615 480.173076923 443.076923077 428.846153846 422.057692308
6385.0 358.230769231 465.673076923 409.576923077 413.230769231 397.557692308 361.365384615 452.25 429.846153846 443.961538462 441.826923077 348.019230769 448.846153846 415.692307692 415.75 471.615384615
204.0 384.884615385 487.0 438.538461538 375.134615385 452.615384615 429.442307692 448.346153846 420.211538462 515.326923077 481.846153846 296.346153846 445.711538462 460.807692308 444.25 506.865384615
1618.0 472.884615385 530.096153846 476.230769231 472.096153846 460.269230769 427.673076923 485.461538462 465.711538462 478.038461538 529.269230769 437.961538462 459.019230769 484.038461538 489.519230769 621.076923077
4674.0 490.076923077 504.211538462 509.019230769 451.538461538 491.576923077 455.865384615 498.115384615 451.211538462 515.115384615 541.769230769 477.423076923 490.615384615 480.346153846 517.057692308 556.038461538
7660.0 291.211538462 417.673076923 503.384615385 426.384615385 366.307692308 405.75 453.153846154 430.769230769 428.403846154 405.038461538 315.134615385 433.019230769 449.173076923 409.846153846 424.730769231
4459.0 273.25 353.942307692 402.442307692 409.730769231 345.884615385 429.134615385 428.903846154 449.865384615 451.307692308 452.557692308 234.769230769 404.211538462 437.0 383.557692308 452.153846154
2298.0 262.980769231 405.538461538 403.865384615 413.442307692 406.403846154 400.038461538 473.788461538 387.365384615 488.903846154 434.096153846 308.076923077 412.326923077 453.442307692 389.25 480.269230769
5954.0 404.038461538 489.403846154 504.230769231 516.25 523.769230769 418.038461538 479.153846154 419.980769231 524.730769231 511.0 449.730769231 426.115384615 507.384615385 421.115384615 527.846153846
2750.0 547.0 610.769230769 494.980769231 518.634615385 556.711538462 488.884615385 474.923076923 456.538461538 575.980769231 504.884615385 615.038461538 488.5 535.519230769 467.25 621.519230769
