8113 132 929 584 242 0
9596 136 173 67 28 0
9591 128 176 71 34 0
9557 123 186 102 32 0
7736 496 1342 286 140 0
8133 109 938 593 227 0
9598 133 157 77 35 0
8028 175 1180 462 155 0
7826 460 1306 264 144 0
8271 123 716 583 307 0
9591 118 177 77 37 0
7900 464 1260 232 144 0
9555 140 176 83 46 0
9527 128 214 92 39 0
9582 104 195 87 32 0
6686 1659 892 534 229 0
8278 92 694 593 343 0
7955 186 1210 464 185 0
9590 115 185 77 33 0
9580 119 187 79 35 0
9567 121 192 84 36 0
7853 467 1310 251 119 0
9555 122 179 99 45 0
6600 449 2083 627 241 0
8048 148 1167 464 173 0
8313 101 692 549 345 0
9620 96 162 79 43 0
9616 84 179 82 39 0
9584 115 186 68 47 0
9575 124 178 97 26 0
9565 119 203 71 42 0
6551 1678 921 586 264 0
7997 185 1165 458 195 0
9578 137 162 86 37 0
9564 121 191 79 45 0
9551 130 196 76 47 0
8270 94 728 581 327 0
8136 108 959 561 236 0
9574 104 178 90 54 0
7880 423 1330 245 122 0
8081 118 965 595 241 0
9568 107 190 91 44 0
9571 126 173 92 38 0
9559 140 199 68 34 0
9579 121 177 88 35 0
7994 175 1184 465 182 0
9582 129 163 91 35 0
8144 113 951 554 238 0
7938 179 1198 506 179 0
9568 131 176 80 45 0
9586 116 173 82 43 0
9606 121 164 76 33 0
8017 170 1179 454 180 0
9592 133 167 75 33 0
7773 1928 165 98 36 0
6678 1673 720 588 341 0
9559 107 208 77 49 0
9574 99 178 97 52 0
8150 118 939 563 230 0
7872 465 1273 264 126 0
9587 110 185 92 26 0
7830 501 1293 252 124 0
7799 514 1291 270 126 0
7195 114 1280 945 466 0
9573 119 166 92 50 0
9561 126 189 81 43 0
9540 123 201 91 45 0
7687 2015 173 86 39 0
4860 1432 2251 982 475 0
9589 112 178 86 35 0
9587 112 178 82 41 0
9572 141 169 79 39 0
6969 132 1669 872 358 0
5739 368 2441 1010 442 0
9560 131 178 89 42 0
7960 178 1188 487 187 0
9579 122 168 77 54 0
8177 93 928 546 256 0
7704 1998 189 74 35 0
7875 480 1220 291 134 0
8127 133 916 605 219 0
9590 118 174 84 34 0
9556 129 176 94 45 0
7977 165 1243 448 167 0
9610 104 174 65 47 0
9599 125 194 54 28 0
9583 129 181 78 29 0
9588 111 188 74 39 0
9563 132 175 91 39 0
9574 113 175 95 43 0
7880 435 1289 255 141 0
9556 146 163 92 43 0
7812 499 1297 277 115 0
5732 1394 1676 837 361 0
9555 127 196 84 38 0
8330 106 679 563 322 0
8199 114 906 543 238 0
7763 1938 184 80 35 0
9614 120 159 69 38 0
8180 107 889 569 255 0
5354 1660 2066 648 272 0
7711 2029 147 78 35 0
9549 141 191 86 33 0
9622 116 164 69 29 0
7759 1936 173 93 39 0
8069 183 1106 472 170 0
9580 130 167 83 40 0
9578 130 163 76 53 0
9613 95 174 87 31 0
7907 476 1206 279 132 0
7773 1925 191 79 32 0
9578 125 168 91 38 0
9562 134 198 62 44 0
9549 139 178 93 41 0
8281 128 670 578 343 0
9544 140 174 96 46 0
9618 91 179 70 42 0
8073 161 1106 502 158 0
7816 1888 170 91 35 0
7990 168 1177 474 191 0
9568 126 165 92 49 0
7103 112 1367 947 471 0
9583 127 172 88 30 0
9585 119 171 82 43 0
7743 1937 200 73 47 0
9560 128 191 91 30 0
9628 85 174 71 42 0
7998 185 1222 421 174 0
9589 134 181 63 33 0
8280 99 702 582 337 0
9587 113 179 82 39 0
6641 406 1906 752 295 0
9579 132 175 68 46 0
6879 168 1715 894 344 0
6691 1680 705 602 322 0
9578 126 191 71 34 0
9575 134 175 70 46 0
8149 120 910 591 230 0
7961 182 1166 480 211 0
9597 113 176 78 36 0
9575 127 186 66 46 0
6600 1636 921 579 264 0
7785 1923 174 79 39 0
9613 120 161 74 32 0
9580 108 194 82 36 0
9600 120 179 77 24 0
9598 123 175 80 24 0
8176 99 930 544 251 0
7799 485 1300 267 149 0
9605 119 151 82 43 0
9570 122 173 92 43 0
8262 118 714 591 315 0
9591 123 154 93 39 0
7756 1957 172 76 39 0
9596 110 187 70 37 0
7216 117 1267 901 499 0
9575 126 190 77 32 0
9551 126 173 107 43 0
8156 114 892 583 255 0
9579 117 193 77 34 0
8127 99 950 565 259 0
9561 122 189 85 43 0
9597 113 173 74 43 0
9596 122 177 76 29 0
9541 126 205 93 35 0
9578 130 172 85 35 0
9576 124 179 75 46 0
9553 125 209 74 39 0
7819 1878 172 87 44 0
7679 1992 195 88 46 0
9578 119 169 92 42 0
9583 116 159 93 49 0
9643 123 150 62 22 0
9551 142 195 83 29 0
9562 127 176 100 35 0
9576 124 181 83 36 0
7939 177 1200 479 205 0
9536 138 187 91 48 0
9543 120 204 91 42 0
7856 448 1278 291 127 0
7843 485 1277 276 119 0
8307 123 684 557 329 0
7856 461 1265 283 135 0
7820 474 1295 289 122 0
7852 436 1302 269 141 0
8287 106 718 539 350 0
9537 135 206 82 40 0
9595 110 170 87 38 0
9554 112 199 93 42 0
8285 107 698 627 283 0
9574 131 163 81 51 0
7816 464 1311 272 137 0
9557 131 185 99 28 0
9609 121 166 61 43 0
9572 125 178 80 45 0
7744 1986 157 77 36 0
7779 1930 174 83 34 0
9620 114 159 67 40 0
6473 1673 1206 489 159 0
8302 93 716 559 330 0
9598 119 160 84 39 0
9595 103 175 99 28 0
8139 126 940 559 236 0
9587 128 169 76 40 0
8317 85 712 545 341 0
7946 165 1221 498 170 0
7995 152 1182 489 182 0
9583 122 166 87 42 0
6922 396 1586 736 360 0
7789 424 1373 275 139 0
9568 121 179 80 52 0
9593 118 191 76 22 0
9601 121 149 92 37 0
9569 122 173 91 45 0
9611 116 157 86 30 0
9581 103 192 88 36 0
9585 137 159 82 37 0
9562 117 198 94 29 0
7813 436 1331 270 150 0
9524 130 215 85 46 0
5867 1339 1288 996 510 0
9594 124 173 64 45 0
9547 145 183 74 51 0
9529 127 199 100 45 0
9546 122 197 101 34 0
9565 124 196 86 29 0
7713 1977 189 86 35 0
6366 1923 1316 271 124 0
9572 121 177 89 41 0
6871 161 1682 945 341 0
9587 126 194 64 29 0
9522 130 212 89 47 0
9607 123 170 67 33 0
9575 127 168 78 52 0
7710 1988 182 79 41 0
9560 131 179 92 38 0
8005 190 1173 444 188 0
8143 112 903 565 277 0
8217 115 907 514 247 0
9577 118 181 90 34 0
9611 95 165 97 32 0
9595 122 157 85 41 0
9626 113 157 72 32 0
9577 122 173 80 48 0
9539 137 182 103 39 0
9567 135 187 66 45 0
7837 476 1278 295 114 0
8318 112 689 576 305 0
9579 116 180 93 32 0
8011 180 1207 434 168 0
7884 456 1266 253 141 0
7663 2007 202 93 35 0
9569 124 173 82 52 0
7992 194 1142 472 200 0
8149 107 936 582 226 0
6549 1605 1176 473 197 0
9578 112 170 88 52 0
9574 107 194 85 40 0
8315 94 702 584 305 0
9557 126 183 91 43 0
9613 103 181 71 32 0
9581 124 177 70 48 0
7916 178 1213 505 188 0
9543 128 190 105 34 0
9589 126 156 91 38 0
5558 1420 1802 860 360 0
7867 479 1261 239 154 0
9584 117 196 79 24 0
9588 98 194 84 36 0
9571 123 185 89 32 0
8173 123 916 545 243 0
8143 113 890 604 250 0
6756 1655 686 579 324 0
9573 125 180 78 44 0
7822 1885 195 61 37 0
8033 167 1154 452 194 0
9590 127 152 85 46 0
9564 113 190 89 44 0
7796 1905 171 88 40 0
6898 383 1604 700 415 0
9563 130 186 75 46 0
9590 125 165 73 47 0
6634 1630 905 569 262 0
9585 133 161 75 46 0
9578 137 162 80 43 0
8292 114 660 599 335 0
9573 126 174 89 38 0
9625 110 169 58 38 0
9587 120 189 68 36 0
9607 90 184 76 43 0
9601 112 173 77 37 0
9568 139 173 77 43 0
6722 456 1984 603 235 0
9566 136 179 74 45 0
9579 124 176 77 44 0
7895 447 1278 244 136 0
8186 118 868 575 253 0
9540 114 190 99 57 0
9583 127 193 67 30 0
8140 131 887 578 264 0
7196 103 1256 953 492 0
9566 128 198 68 40 0
8029 164 1195 447 165 0
9603 118 180 59 40 0
9578 133 172 79 38 0
9623 92 164 89 32 0
9588 124 168 80 40 0
8041 167 1139 471 182 0
9588 121 176 85 30 0
8078 172 1121 439 190 0
9584 106 191 83 36 0
9623 105 152 89 31 0
9568 126 190 81 35 0
9602 108 184 79 27 0
9546 123 188 98 45 0
9580 135 167 79 39 0
9576 126 175 77 46 0
9576 122 183 80 39 0
9574 132 182 80 32 0
9618 108 161 83 30 0
6531 440 2158 613 258 0
7950 183 1193 476 198 0
9597 114 165 88 36 0
9566 110 206 87 31 0
9573 117 200 66 44 0
9614 110 155 89 32 0
6742 1660 678 588 332 0
8193 100 926 535 246 0
8337 85 683 564 331 0
9599 109 152 104 36 0
7878 481 1253 258 130 0
9601 99 169 90 41 0
9591 108 167 93 41 0
9572 114 205 76 33 0
9559 124 197 72 48 0
9606 121 159 74 40 0
9611 112 172 73 32 0
7703 1990 158 101 48 0
7850 461 1275 284 130 0
8313 98 665 586 338 0
9557 115 200 87 41 0
7800 488 1320 274 118 0
8090 125 952 586 247 0
8319 127 708 530 316 0
9598 120 177 72 33 0
6638 1626 926 582 228 0
9588 124 181 70 37 0
8192 123 906 526 253 0
7772 1930 176 90 32 0
6634 1640 942 532 252 0
9603 111 166 80 40 0
9589 129 181 62 39 0
7855 449 1294 278 124 0
9575 116 176 96 37 0
8160 106 921 547 266 0
9607 114 169 78 32 0
9564 132 174 99 31 0
9520 133 217 84 46 0
8199 103 886 556 256 0
7077 150 1511 850 412 0
9599 121 167 76 37 0
7851 488 1292 247 122 0
9602 110 168 84 36 0
7783 1918 192 80 27 0
9572 122 176 90 40 0
7691 2023 164 84 38 0
7764 1941 178 72 45 0
6360 1934 1283 288 135 0
9576 133 177 82 32 0
9600 106 176 85 33 0
6660 1613 945 550 232 0
9581 111 177 89 42 0
6579 458 2076 623 264 0
9576 106 183 102 33 0
9565 118 202 83 32 0
9582 116 184 77 41 0
9597 138 151 83 31 0
9611 117 175 74 23 0
9607 114 166 91 22 0
9571 133 186 83 27 0
7955 186 1207 474 178 0
9578 109 192 88 33 0
9579 129 173 84 35 0
8202 111 873 580 234 0
8035 161 1198 443 163 0
9589 112 189 83 27 0
7767 1932 169 87 45 0
9554 128 184 100 34 0
9585 126 175 77 37 0
9586 124 177 69 44 0
9611 127 161 67 34 0
9582 115 188 71 44 0
7814 483 1284 286 133 0
7817 490 1283 273 137 0
9563 121 181 95 40 0
9564 118 194 83 41 0
7990 148 1204 463 195 0
9591 114 184 79 32 0
9570 111 194 88 37 0
8143 115 928 568 246 0
9551 119 207 80 43 0
9596 123 161 82 38 0
8289 89 693 583 346 0
9569 117 189 88 37 0
6553 1676 1115 461 195 0
9593 139 165 70 33 0
8248 102 730 592 328 0
9569 117 191 81 42 0
8179 105 906 548 262 0
9561 120 183 88 48 0
9566 129 171 95 39 0
6601 459 2048 634 258 0
9547 129 180 97 47 0
9580 114 187 81 38 0
7983 184 1153 496 184 0
8286 102 706 577 329 0
8012 184 1151 470 183 0
7922 189 1245 474 170 0
9553 132 182 86 47 0
6676 386 1908 711 319 0
8144 120 944 542 250 0
7951 178 1196 484 191 0
9596 112 181 75 36 0
7955 206 1195 477 167 0
7958 165 1222 506 149 0
6936 385 1552 727 400 0
9571 117 188 74 50 0
9536 129 189 92 54 0
9557 112 183 105 43 0
9560 120 196 92 32 0
6627 435 2025 642 271 0
6961 376 1596 719 348 0
9546 122 186 104 42 0
9568 121 197 72 42 0
9555 128 200 78 39 0
9556 112 199 87 46 0
9596 107 183 80 34 0
9574 122 160 104 40 0
6850 147 1730 891 382 0
9571 131 193 76 29 0
9568 139 178 74 41 0
6547 445 2147 614 247 0
9570 123 182 90 35 0
9593 96 195 73 43 0
8223 101 891 519 266 0
9576 111 185 80 48 0
9569 121 186 80 44 0
8048 176 1125 476 175 0
9578 139 178 72 33 0
7753 1960 170 73 44 0
6415 1690 1236 474 185 0
7030 131 1491 877 471 0
7778 1898 197 86 41 0
9575 128 184 76 37 0
6625 417 2109 605 244 0
9590 119 184 81 26 0
7748 1929 225 65 33 0
7741 1967 178 75 39 0
9606 122 165 71 36 0
6764 1651 660 596 329 0
7791 1911 162 95 41 0
7745 1965 171 76 43 0
9511 153 214 92 30 0
7720 1950 199 100 31 0
7741 1937 192 91 39 0
8120 118 920 568 274 0
7763 1921 203 86 27 0
9580 126 169 85 40 0
8005 197 1164 475 159 0
8327 108 687 570 308 0
9587 110 176 82 45 0
9595 117 175 69 44 0
9567 130 190 81 32 0
9592 107 170 95 36 0
9589 130 157 89 35 0
9552 127 180 99 42 0
7740 1961 173 90 36 0
9587 109 166 90 48 0
8223 108 892 541 236 0
7898 457 1279 235 131 0
9576 111 193 78 42 0
9567 118 182 98 35 0
9543 160 178 83 36 0
9567 133 180 83 37 0
7978 184 1197 473 168 0
7753 1944 178 89 36 0
7752 1933 192 90 33 0
9596 119 174 81 30 0
7771 1896 197 93 43 0
9596 110 182 79 33 0
9584 110 174 90 42 0
9567 130 196 69 38 0
9593 109 176 83 39 0
7729 1950 188 92 41 0
9546 138 190 81 45 0
9579 111 191 80 39 0
9608 116 164 86 26 0
8295 106 721 547 331 0
9582 132 165 81 40 0
9603 111 170 80 36 0
8133 103 922 596 246 0
9554 129 190 91 36 0
9600 111 171 80 38 0
9594 112 173 81 40 0
6091 149 1928 1239 593 0
9575 134 176 83 32 0
8029 154 1190 448 179 0
9563 131 188 75 43 0
9561 114 196 85 44 0
9605 113 179 70 33 0
9609 108 171 81 31 0
9564 127 181 81 47 0
9630 89 170 74 37 0
9543 125 185 98 49 0
9568 128 190 76 38 0
7862 448 1273 271 146 0
8371 106 653 560 310 0
9556 138 177 87 42 0
9592 122 169 94 23 0
6759 1670 697 535 339 0
9571 130 198 72 29 0
8222 110 893 517 258 0
9607 115 165 75 38 0
7782 1922 174 83 39 0
6951 167 1690 864 328 0
9533 136 214 73 44 0
9594 115 174 80 37 0
9576 122 178 80 44 0
8256 105 657 635 347 0
8244 108 710 577 361 0
8008 178 1175 449 190 0
9583 120 180 84 33 0
9568 137 190 69 36 0
9562 131 178 92 37 0
8303 102 704 582 309 0
9574 123 188 79 36 0
9562 113 188 98 39 0
8195 115 937 518 235 0
9582 96 193 87 42 0
9584 113 209 64 30 0
9571 131 176 98 24 0
8405 91 668 544 292 0
9555 121 187 91 46 0
7743 1965 168 81 43 0
9567 124 168 92 49 0
9599 126 168 72 35 0
9581 130 155 85 49 0
7811 1906 166 86 31 0
9563 131 191 70 45 0
9574 112 191 80 43 0
8133 117 898 582 270 0
9573 131 175 75 46 0
8222 116 865 553 244 0
7980 181 1200 475 164 0
8285 120 731 552 312 0
7727 1982 180 82 29 0
9585 131 159 76 49 0
8285 110 712 584 309 0
8153 92 968 552 235 0
7162 111 1271 980 476 0
7761 1912 193 94 40 0
7669 2022 187 82 40 0
8385 94 649 559 313 0
7990 170 1229 466 145 0
9590 107 186 80 37 0
9600 116 164 71 49 0
7960 170 1229 479 162 0
9560 123 203 79 35 0
9537 135 217 66 45 0
8375 81 676 559 309 0
9562 127 192 87 32 0
8221 103 868 563 245 0
9528 140 199 96 37 0
9589 152 142 77 40 0
9581 129 188 65 37 0
9568 128 183 82 39 0
9575 112 195 81 37 0
7850 459 1306 252 133 0
9572 120 184 76 48 0
9549 130 189 92 40 0
9604 117 152 89 38 0
9562 118 204 79 37 0
7829 465 1307 280 119 0
9531 133 209 92 35 0
9599 116 174 74 37 0
9557 126 184 88 45 0
9576 105 174 98 47 0
9589 126 186 70 29 0
9574 123 178 82 43 0
9574 106 190 81 49 0
9586 117 166 93 38 0
9615 120 159 67 39 0
9560 119 192 83 46 0
9566 125 183 88 38 0
9570 111 206 74 39 0
9570 127 175 82 46 0
8088 174 1100 465 173 0
9548 141 174 92 45 0
9584 102 182 92 40 0
9558 127 190 84 41 0
9600 121 189 55 35 0
9595 115 175 83 32 0
7053 151 1486 911 399 0
7102 155 1450 868 425 0
9585 127 171 84 33 0
7801 1902 186 76 35 0
8044 176 1163 433 184 0
9561 125 195 82 37 0
9577 118 179 94 32 0
9565 127 189 86 33 0
9588 128 167 79 38 0
9591 110 186 83 30 0
8154 127 952 537 230 0
9567 121 196 93 23 0
6685 451 1847 692 325 0
6765 391 1802 712 330 0
9589 109 193 79 30 0
9569 133 189 76 33 0
9538 119 199 82 62 0
9562 124 188 84 42 0
9600 138 143 84 35 0
9606 99 187 78 30 0
9613 95 160 99 33 0
9565 128 166 104 37 0
9539 130 199 92 40 0
9569 132 167 84 48 0
9559 129 180 89 43 0
7869 462 1269 283 117 0
9604 116 183 63 34 0
9593 109 176 89 33 0
6915 149 1703 901 332 0
6685 453 1991 624 247 0
9564 125 177 96 38 0
8055 206 1097 468 174 0
8310 108 683 550 349 0
9571 125 190 78 36 0
7860 442 1316 255 127 0
7759 1919 205 78 39 0
9584 129 167 83 37 0
9580 111 187 78 44 0
8279 110 683 595 333 0
9576 128 172 78 46 0
9625 92 159 88 36 0
9599 128 172 60 41 0
9587 131 179 67 36 0
6812 179 1741 879 389 0
7823 1889 174 77 37 0
9590 113 171 84 42 0
8094 114 896 585 311 0
7790 490 1300 285 135 0
9593 134 180 66 27 0
9552 139 189 80 40 0
9601 121 155 88 35 0
9588 114 187 75 36 0
9597 107 174 85 37 0
9597 106 178 78 41 0
8179 119 899 559 244 0
9609 120 159 78 34 0
9582 153 154 61 50 0
9567 126 190 79 38 0
8045 182 1138 436 199 0
7718 1973 183 88 38 0
9588 123 172 76 41 0
8036 184 1150 465 165 0
9595 124 174 65 42 0
8322 100 683 589 306 0
9603 103 185 68 41 0
9548 137 185 82 48 0
9549 118 202 89 42 0
9604 103 176 89 28 0
8299 103 730 540 328 0
7797 1896 176 88 43 0
9581 119 169 95 36 0
8069 131 971 584 245 0
9597 114 164 87 38 0
8152 108 882 595 263 0
9581 125 178 79 37 0
9596 115 178 75 36 0
8332 93 724 525 326 0
8167 94 938 586 215 0
9603 119 175 64 39 0
9571 118 186 80 45 0
7807 518 1284 263 128 0
9595 111 175 82 37 0
9527 131 218 87 37 0
9580 117 181 77 45 0
8154 104 934 573 235 0
9571 129 186 78 36 0
9580 111 186 91 32 0
9564 125 182 101 28 0
8320 126 719 540 295 0
9581 109 175 96 39 0
6727 1607 726 597 343 0
9560 132 188 86 34 0
7885 465 1248 274 128 0
9615 100 157 84 44 0
7836 447 1311 284 122 0
8031 145 1164 497 163 0
9595 115 170 80 40 0
9554 123 189 87 47 0
9586 113 176 73 52 0
8243 118 718 587 334 0
7097 112 1345 940 506 0
9589 126 177 67 41 0
8342 98 683 537 340 0
9583 131 171 67 48 0
7930 175 1207 504 184 0
9552 146 187 73 42 0
7975 162 1201 463 199 0
9575 127 192 59 47 0
7833 468 1298 280 121 0
8138 93 948 588 233 0
8367 87 662 568 316 0
9577 124 165 85 49 0
9600 107 181 72 40 0
9558 134 177 98 33 0
9581 125 187 63 44 0
9560 118 190 87 45 0
9587 119 190 73 31 0
9576 123 179 85 37 0
9556 136 190 76 42 0
9593 109 171 90 37 0
9544 141 172 102 41 0
9551 133 182 93 41 0
8187 107 877 589 240 0
8040 178 1128 467 187 0
9554 116 204 90 36 0
9588 126 175 78 33 0
9577 111 174 98 40 0
7993 180 1191 434 202 0
8194 99 916 533 258 0
9575 95 177 102 51 0
7842 463 1279 286 130 0
9560 129 187 80 44 0
8197 113 904 542 244 0
8297 114 723 567 299 0
9601 127 172 59 41 0
6740 424 1838 684 314 0
7891 462 1255 263 129 0
8289 108 691 560 352 0
9576 117 198 73 36 0
9575 125 177 89 34 0
9559 125 190 92 34 0
9596 111 173 78 42 0
9567 117 187 82 47 0
8156 115 927 571 231 0
9547 118 215 90 30 0
8013 178 1174 483 152 0
7009 145 1530 895 421 0
9591 124 174 81 30 0
7682 1988 175 124 31 0
7779 1935 157 93 36 0
9587 115 177 74 47 0
9601 121 180 72 26 0
8283 100 730 574 313 0
9595 124 165 74 42 0
9553 131 199 88 29 0
9590 115 186 81 28 0
7690 1975 194 104 37 0
8355 71 683 580 311 0
9520 135 213 92 40 0
9542 136 199 89 34 0
7744 1944 186 82 44 0
7923 469 1241 248 119 0
9566 114 186 90 44 0
9574 105 196 81 44 0
7660 2011 190 95 44 0
9593 108 174 78 47 0
8226 114 862 554 244 0
8348 105 679 572 296 0
9608 112 161 79 40 0
7970 173 1156 530 171 0
8064 162 1150 460 164 0
9590 119 178 77 36 0
9577 111 183 77 52 0
9623 103 158 82 34 0
9598 110 176 77 39 0
8157 117 926 575 225 0
9590 117 174 86 33 0
9553 115 195 96 41 0
6629 1728 722 578 343 0
7761 1919 194 74 52 0
9554 141 200 75 30 0
9576 127 196 65 36 0
8202 113 777 598 310 0
9600 114 169 82 35 0
7962 182 1214 460 182 0
6204 140 1878 1198 580 0
9593 109 173 84 41 0
8319 107 675 578 321 0
9568 120 199 82 31 0
7773 1942 166 84 35 0
7793 1911 179 81 36 0
9559 120 196 86 39 0
7823 457 1338 256 126 0
8183 109 911 557 240 0
9568 126 168 99 39 0
8199 112 878 571 240 0
9554 132 184 88 42 0
7946 179 1223 472 180 0
7697 1981 195 98 29 0
7929 466 1268 236 101 0
8350 103 683 528 336 0
9584 118 179 72 47 0
9569 132 180 88 31 0
8295 124 700 565 316 0
7987 180 1159 482 192 0
9583 111 186 77 43 0
7731 1958 182 92 37 0
7863 469 1274 258 136 0
9569 116 185 98 32 0
9568 121 190 88 33 0
9567 118 194 87 34 0
9617 104 157 83 39 0
8322 93 638 605 342 0
8202 114 893 544 247 0
9594 100 176 89 41 0
9597 123 171 74 35 0
9567 137 177 75 44 0
9586 137 170 68 39 0
9558 122 195 83 42 0
9553 123 204 74 46 0
6746 1675 683 575 321 0
9573 115 187 89 36 0
6858 389 1625 721 407 0
9593 129 157 76 45 0
8167 100 904 570 259 0
9568 123 182 81 46 0
8309 98 723 549 321 0
6711 418 1857 710 304 0
9609 117 158 78 38 0
8242 124 713 566 355 0
8301 115 715 550 319 0
7811 503 1289 269 128 0
8184 108 943 523 242 0
9547 128 194 90 41 0
6690 430 1737 732 411 0
8142 113 917 564 264 0
7836 1878 165 79 42 0
9587 118 168 85 42 0
8217 99 730 614 340 0
9606 101 192 65 36 0
8284 107 708 576 325 0
6368 2018 1251 239 124 0
9556 136 185 98 25 0
9567 143 180 74 36 0
8321 115 737 543 284 0
9605 103 174 77 41 0
7090 136 1477 882 415 0
9602 124 155 87 32 0
7136 94 1329 966 475 0
7975 169 1201 458 197 0
9587 108 199 69 37 0
9561 118 207 82 32 0
7872 455 1264 277 132 0
9574 123 192 80 31 0
8047 173 1136 467 177 0
9548 124 189 96 43 0
9582 117 186 77 38 0
9562 114 210 77 37 0
8102 176 1111 445 166 0
9588 105 177 91 39 0
9581 103 201 79 36 0
9581 114 185 77 43 0
6296 1953 1324 269 158 0
8000 172 1169 485 174 0
9620 109 157 71 43 0
7787 1906 202 64 41 0
9556 131 187 97 29 0
7882 478 1277 237 126 0
9555 131 168 92 54 0
9535 128 202 99 36 0
6710 1746 683 541 320 0
9594 117 183 67 39 0
7848 475 1308 254 115 0
9556 118 177 96 53 0
7917 184 1233 480 186 0
7836 440 1320 266 138 0
9568 127 184 89 32 0
9596 135 158 70 41 0
9599 113 168 89 31 0
6832 397 1664 712 395 0
9602 113 170 75 40 0
9568 125 188 77 42 0
7679 1992 210 76 43 0
9552 134 191 73 50 0
9583 115 184 79 39 0
7689 2005 182 84 40 0
9588 108 180 89 35 0
9576 126 173 88 37 0
9576 140 177 79 28 0
7756 1943 176 83 42 0
6400 1906 1309 261 124 0
9597 126 151 75 51 0
7976 172 1207 463 182 0
9546 132 183 95 44 0
7872 478 1241 270 139 0
9567 103 207 87 36 0
9585 115 196 64 40 0
9568 118 194 84 36 0
9614 92 183 65 46 0
7953 150 1159 534 204 0
9566 101 202 87 44 0
9564 137 179 79 41 0
9585 111 208 65 31 0
9581 118 185 75 41 0
9563 123 189 87 38 0
8195 107 898 549 251 0
9575 142 166 77 40 0
9525 133 193 113 36 0
7744 1944 191 80 41 0
9570 122 189 83 36 0
9577 115 192 83 33 0
8123 129 955 565 228 0
8331 112 660 581 316 0
9584 111 182 88 35 0
8062 159 1107 495 177 0
9600 126 157 81 36 0
9607 102 156 97 38 0
8132 103 930 598 237 0
9587 110 175 78 50 0
9630 103 148 79 40 0
6426 1684 1180 510 200 0
9600 114 177 72 37 0
9551 129 216 68 36 0
9592 100 196 75 37 0
6532 488 2111 616 253 0
9584 126 180 82 28 0
9556 119 208 81 36 0
9572 115 182 82 49 0
8158 119 919 558 246 0
9592 120 169 84 35 0
6772 354 1863 698 313 0
9569 130 190 71 40 0
9565 138 168 82 47 0
9589 95 184 94 38 0
7796 498 1325 258 123 0
9606 110 168 80 36 0
9610 105 161 80 44 0
9618 100 158 94 30 0
9566 134 182 86 32 0
9573 145 172 74 36 0
9604 100 174 79 43 0
7854 462 1299 248 137 0
8032 174 1134 477 183 0
8175 113 935 540 237 0
9613 126 175 55 31 0
9599 125 163 74 39 0
8050 170 1173 437 170 0
9577 117 193 79 34 0
6669 439 1817 741 334 0
9568 119 194 90 29 0
9586 115 188 86 25 0
7852 494 1282 234 138 0
9561 121 183 82 53 0
9568 123 183 84 42 0
7924 190 1214 484 188 0
9588 116 193 71 32 0
9591 129 180 78 22 0
9569 135 166 94 36 0
9584 122 170 78 46 0
9571 119 192 70 48 0
9573 126 188 80 33 0
6702 369 1854 747 328 0
9595 119 168 83 35 0
8065 175 1117 454 189 0
9568 133 190 72 37 0
8154 113 927 562 244 0
9590 124 165 83 38 0
7900 510 1223 245 122 0
9573 123 183 84 37 0
7864 490 1258 257 131 0
9583 118 182 77 40 0
9563 121 195 83 38 0
9535 133 203 81 48 0
7914 479 1231 246 130 0
9584 99 198 83 36 0
8182 108 901 558 251 0
9591 100 178 83 48 0
9572 126 196 77 29 0
9527 133 184 94 62 0
6780 394 1649 776 401 0
9596 119 148 98 39 0
9635 108 143 82 32 0
7803 1925 182 58 32 0
8265 107 704 590 334 0
7012 159 1522 890 417 0
9592 104 202 72 30 0
9572 143 173 79 33 0
8002 168 1128 490 212 0
9555 124 173 101 47 0
9591 118 165 84 42 0
7781 1884 208 90 37 0
9607 122 160 70 41 0
8174 111 902 551 262 0
6852 153 1725 896 374 0
7775 1927 190 75 33 0
9574 124 185 87 30 0
9567 138 176 82 37 0
6817 421 1628 696 438 0