bid
0.27857328417187466
0.21970095693278768
0.372474523152329
0.3647597244618633
0.3389499255902736
0.20518593464838727
0.14226432584869256
0.23635830522481382
0.36548760051053947
0.36553737215884063
0.2357976760485681
0.11519291053405703
0.16011267139380775
0.33995746110559044
0.35359863645524925
0.311908457923646
0.17762948096514816
0.12910592351534772
0.30814389152874067
0.3494630474200313
0.32598224842117074
0.22537562520421942
0.10925988859335052
0.19734954324222007
0.3360209241390018
0.3271439469590133
0.2988339427616029
0.13350223458104504
0.11047453945684234
0.31814364978338366
0.3171918473693196
0.3014565180952638
0.14884713171679498
0.07914417369705698
0.26681839784400396
0.32701495514049816
0.31953932515386163
0.176219116689604
0.07433701429141247
0.1924151742050909
0.3314982573856964
0.31757342259319404
0.25179730242300224
0.10193941043865615
0.1371686052712077
0.337123268753108
0.31474308566299936
0.32334493782661416
0.1546131708346064
0.07496306627430664
0.25030285713425027
0.32302075522377205
0.3163971401537596
0.23306486232717624
0.12838704175836957
0.18099224058589541
0.32708627002095275
0.32431747066521005
0.3191489361702128
