bid
0.5453118269522004
0.4215351956140867
0.758386978004256
0.713393316142887
0.6406250812211348
0.3998752940746232
0.2809680105973128
0.4503276949872422
0.6973938517874279
0.6963137294071333
0.45162311069782557
0.22224672998227685
0.31207267811460837
0.6658402501113785
0.7100814509861101
0.6303599192128759
0.33777430576882994
0.24744166912214924
0.6086658398728713
0.6811187081376066
0.6365309845137024
0.4348839643760838
0.2118038256913975
0.3745826163576685
0.6732854416288254
0.6159655062668089
0.6008579451514873
0.2582581320844272
0.21282702876184198
0.607719541569574
0.6066496636300374
0.5987499387526893
0.28320683019075243
0.1494668148969176
0.533359542507239
0.6440098635506546
0.647362522863229
0.3401956356672218
0.1383685878084851
0.37263060786389723
0.6491381840518762
0.6380465791561236
0.4897202652276198
0.1920370532285129
0.2586474431195799
0.6432940028949305
0.6264553666516015
0.628145783914002
0.29538863876686866
0.14343982655191906
0.48333863836517743
0.6234788757845487
0.6420411663246167
0.4472351688843544
0.25241265545760366
0.3498078259404313
0.6228050680706891
0.6225813053424143
0.517241379310345
