bid
0.4899108249474171
0.3907440769528412
0.6610275340603392
0.6232472969661991
0.562431389880267
0.3693318167847607
0.2653733193602379
0.4166338998929433
0.6082296847707818
0.6054901994844637
0.4085749932557525
0.2126849164803895
0.2955015740702952
0.5829159997066938
0.6174621312922697
0.5481390601851096
0.31521363074404685
0.23694900225496324
0.5394747806189655
0.5922771375109622
0.5535052039249585
0.39862812401448083
0.204308920936097
0.35073971847054264
0.5854656014163699
0.5356221793624425
0.5282998378045707
0.24674278072789219
0.20547629882485477
0.5359087296126153
0.527521446634815
0.5263587168925834
0.26894343683574956
0.14583973203628417
0.4828463465588957
0.5600085770005692
0.562923932924547
0.3199717010344932
0.1352790745268585
0.3494124829917216
0.5644679861320663
0.5548231123096727
0.4444655619972374
0.1858550389090252
0.24762935117165397
0.5593860894738526
0.5447437970883491
0.5462137251426104
0.2803705852871621
0.14017365513364416
0.44275758325747255
0.5421555441604772
0.5582966663692319
0.41025341592961734
0.24201679537143894
0.3293552064641647
0.5415696244092948
0.5413750481238385
0.43165467625899273
