bid
0.14227188858898318
0.10201904780389016
0.111750188058389
0.11083223922203332
0.11450073266597152
0.09485684845735678
0.07465143414037041
0.10535751598273516
0.10905788407281373
0.1074744030586573
0.09595345794135646
0.06315371808332607
0.08093236319453878
0.10704099995038426
0.10359937472678533
0.09385548420576634
0.08970879207633944
0.06834055024935083
0.10839693278324432
0.10100585697737852
0.09811020129500991
0.10487628217073641
0.057997264331854835
0.09206846656683212
0.10072898937421
0.09595101988775362
0.10461502532942361
0.0718246152315209
0.060067063607691436
0.10774701975392036
0.09763448818162401
0.10067804483237164
0.07952638271438327
0.04352161469636064
0.11161011356126899
0.09588423534486286
0.09397351046042102
0.08619129503693425
0.03961636924570684
0.09214301819459905
0.09649411830126829
0.09446920875140508
0.10656635046439523
0.056281321749762775
0.0705149454252455
0.09787360828837502
0.09633395189746377
0.09596183862025984
0.08092411385979766
0.042208904893023064
0.10540718712377325
0.09582004263012611
0.09661105642398231
0.10448845172144972
0.06739397645123381
0.08807771746267554
0.09820527242328587
0.09609410152432486
0.0
