bid
0.2872021669265421
0.22450328154253923
0.3873160470372706
0.3790463968958568
0.3517365685387503
0.20988606796162673
0.14460064567993297
0.2416564069654649
0.3799862214899633
0.3803564548139287
0.24262205283840152
0.11664765334716226
0.1626243795835173
0.3530647184100047
0.3679337163115431
0.32455339540703704
0.18116547305770678
0.13071228732747373
0.31890970896971
0.3636304682613839
0.3391977449787858
0.2310361439362088
0.11038927948776497
0.20108581561988986
0.3496433940365289
0.34040653940329757
0.3099773783096607
0.13525127486359997
0.11158853689313923
0.3297322801059044
0.3300509763167245
0.31271248210052977
0.15105792128678494
0.07970127889287451
0.27448797573500655
0.3402723181867346
0.3324936221195587
0.1793265793540337
0.07481789172582615
0.19597807021041672
0.3449373759283597
0.3304480208064316
0.25884880631485235
0.10289607827482909
0.13888331756912772
0.3507904282971529
0.327502940487175
0.33645351638715254
0.15693209612472578
0.07545773431764075
0.2566364459992829
0.33611619124635744
0.3292240512410742
0.23886823601989296
0.1299373528565166
0.18412929435287678
0.3403465242109913
0.3374654762327185
0.1701388888888889
