bid
0.40060216074847704
0.3199467861796786
0.5290287369586104
0.5185662418248076
0.482851602488457
0.29837863534610204
0.20872384911055797
0.3439412543559187
0.5192341588069613
0.5186678929280847
0.3400477604931855
0.16987988017487501
0.23514559071129243
0.4837216770495571
0.5017277949702862
0.44257281191868697
0.2593722372626051
0.19044615764876957
0.4406842024111723
0.49585972944734175
0.46254237951652616
0.32674240034235047
0.16163105110119688
0.28855177010799055
0.47678644641344853
0.4641907355499513
0.4259640430462889
0.19675527130645762
0.16348381431266965
0.4540382140300345
0.4500695131591698
0.42967284913236364
0.21884911843521265
0.11760205015395045
0.3848884409840008
0.46400770661827445
0.4534003937993982
0.2581137497055466
0.11054376656829129
0.28149696929698487
0.47036914899321786
0.4506109374633159
0.3635929458508031
0.15099577998563826
0.20232348331097152
0.4783505840415722
0.44659491884614777
0.45880024961884447
0.22728190567167098
0.11145526332479175
0.36278710797131003
0.45834026079048745
0.4489418880560103
0.33799054610533075
0.18947994044126035
0.26521425334488047
0.4641088966513519
0.4601801948627981
0.32307692307692315
