bid
0.417859926257812
0.3295514353991815
0.5587117847284936
0.5471395866927948
0.5084248883854104
0.30777890197258095
0.21339648877303882
0.35453745783722074
0.5482314007658091
0.548306058238261
0.3536965140728522
0.17278936580108556
0.24016900709071157
0.5099361916583857
0.5303979546828739
0.4678626868854691
0.26644422144772234
0.19365888527302158
0.462215837293111
0.524194571130047
0.48897337263175616
0.33806343780632914
0.16388983289002576
0.2960243148633301
0.5040313862085027
0.49071592043851997
0.44825091414240437
0.20025335187156754
0.16571180918526351
0.4772154746750755
0.4757877710539794
0.4521847771428956
0.22327069757519247
0.11871626054558547
0.40022759676600594
0.49052243271074725
0.47930898773079245
0.264328675034406
0.11150552143711867
0.2886227613076364
0.4972473860785446
0.47636013388979104
0.37769595363450337
0.15290911565798418
0.20575290790681156
0.505684903129662
0.47211462849449903
0.4850174067399213
0.2319197562519096
0.11244459941145994
0.3754542857013754
0.4845311328356582
0.47459571023063946
0.34959729349076435
0.19258056263755438
0.27148836087884315
0.49062940503142916
0.48647620599781505
0.5555555555555556
