bid
0.7348662374211257
0.5861161154292618
0.9915413010905086
0.9348709454492986
0.8436470848204003
0.5539977251771411
0.39805997904035684
0.6249508498394148
0.9123445271561725
0.9082352992266955
0.6128624898836288
0.3190273747205843
0.44325236110544286
0.8743739995600408
0.9261931969384046
0.8222085902776644
0.4728204461160704
0.3554235033824449
0.8092121709284482
0.8884157062664434
0.830257805887438
0.5979421860217212
0.30646338140414553
0.526109577705814
0.8781984021245549
0.8034332690436637
0.792449756706856
0.37011417109183825
0.3082144482372822
0.8038630944189228
0.7912821699522227
0.7895380753388752
0.4034151552536243
0.21875959805442627
0.7242695198383434
0.8400128655008537
0.8443858993868205
0.4799575515517398
0.20291861179028775
0.5241187244875825
0.8467019791980994
0.8322346684645091
0.666698342995856
0.2787825583635378
0.37144402675748095
0.839079134210779
0.8171156956325236
0.8193205877139156
0.420555877930743
0.21026048270046624
0.6641363748862089
0.8132333162407157
0.8374449995538479
0.615380123894426
0.36302519305715847
0.4940328096962471
0.8123544366139424
0.8120625721857577
0.6000000000000001
