bid
0.36354121796813355
0.28102346374272447
0.505591318669504
0.475595544095258
0.4270833874807566
0.26658352938308216
0.1873120070648752
0.3002184633248281
0.46492923452495194
0.46420915293808884
0.30108207379855034
0.14816448665485124
0.20804845207640552
0.4438935000742524
0.4733876339907401
0.4202399461419173
0.2251828705125533
0.1649611127480995
0.4057772265819141
0.4540791387584044
0.42435398967580157
0.2899226429173892
0.14120255046093164
0.24972174423844562
0.4488569610858836
0.4106436708445392
0.40057196343432483
0.1721720880562848
0.141884685841228
0.4051463610463826
0.40443310908669156
0.3991666258351262
0.1888045534605016
0.09964454326461172
0.3555730283381594
0.4293399090337697
0.4315750152421527
0.2267970904448145
0.09224572520565673
0.24842040524259815
0.43275878936791745
0.4253643861040824
0.3264801768184131
0.12802470215234193
0.1724316287463866
0.42886266859662037
0.4176369111010676
0.4187638559426679
0.19692575917791247
0.0956265510346127
0.3222257589101183
0.41565258385636583
0.42802744421641115
0.2981567792562362
0.16827510363840248
0.23320521729362087
0.41520337871379276
0.4150542035616095
0.4181818181818182
