bid
0.5649661990591338
0.5768030490957042
0.5768030490957042
1.3104399107432612
0.7524846295725932
0.23989558491557425
0.31965511036728156
0.35663244032207286
0.28649734417609923
0.18466412747571415
0.40378246541828844
0.24102561187104232
0.23379691301639907
0.26645291742860283
0.6657620818759862
0.3325990838009462
0.5356913683251149
0.37891686647271544
0.2894414851646764
0.23140412536038293
0.1928223384331481
0.41870431621403265
0.2947597697412756
0.33288736253500245
0.40501906364720924
0.7849923114548161
0.22257677479239293
0.12358558879015738
0.3045336623597929
0.23443606293499564
0.17076163860823346
0.2304689090950443
0.36196567842893257
0.3074193676990255
0.25197364000602035
0.16487918215550731
0.7872884669428436
0.3173642886147944
0.2925648803390731
0.3691832648739511
0.2056693152797931
0.31083013553891575
0.7558888954468161
0.32826343485373405
0.1968034560939838
0.17800876139788538
0.2968271648241891
0.34860233697955556
0.27250518572306115
0.7140863042476605
0.29722014359071236
0.3261675492661854
0.39874584394574614
0.2281876694104633
0.3260290441284762
0.23460097886198625
0.27760047732440746
0.46834615004409197
0.59717708655524
