bid
0.7163386244087422
0.7376239342535296
0.7376239342535296
0.9317156731894994
0.5657111295992704
0.22056630351669834
0.17997735520781924
0.6646830376874856
1.144223317764271
0.45403231020955803
0.8683548289691524
0.18258772211119892
0.5099931800033054
0.4002948343869293
0.7149789609092648
0.5369663425062122
0.9749777482001343
0.5869050072365896
0.2738631276051905
0.5917207300787422
0.42983576538634427
0.9594060784995053
0.5359969936859287
0.2777652249908623
0.5466223105856942
0.4439627190586857
1.1347063301456455
0.5021021919112036
0.3981201358220551
0.6603536404282799
0.4761889913694241
1.1701988403728656
0.5297970896872415
0.3349348097877624
0.14004325899609285
0.2542296574159945
0.6009549072541145
0.3929457608520863
0.8731344231056034
0.5636931858874594
0.17592482047784233
0.25293176121276456
0.2641130867871001
0.7008248293544843
0.4470229459413732
0.838577095356221
0.55982542465717
0.3172864720636447
0.5804262078377092
0.36451816093721223
0.8323080973410246
0.5208133373766437
0.20711721008366388
0.6027524115010685
0.35942532704246816
0.730390082891209
0.4181340467741025
0.2884377307130416
0.6327350509361204
