bid
0.5910659323209787
0.5989690541358393
0.5989690541358393
0.46230393708105455
1.679686795377734
0.8167179882296307
0.5081449789741869
0.5606145528563183
0.5598943800676669
0.4901369366296811
0.2981218683617817
0.4618955235909798
0.5442473329984067
0.4910063051272774
0.23683819668484757
0.392926897601879
0.25449577080236074
0.4008299998281686
0.4836172074677364
0.25908139986925016
0.3077489877723822
0.28185397806825
0.6805850881289137
0.40063369318023284
0.33285604291599136
0.30674689271961114
0.22135868090412386
0.3288872200683899
0.3410454104250714
0.31732666368602325
0.566820126313027
0.13995043932556595
0.31659920618493903
0.45676544215479536
0.3800725353671074
0.3093927143250943
0.25631188796808413
0.15705728134817667
0.1480796661149169
0.5617101528688108
0.544291964313078
0.7590038090108021
0.1732328432513378
0.16961632123491688
0.6345993224022988
0.5456019626328495
0.9130923044248463
0.3244905540029842
0.14579428064054906
0.18310751100325756
0.48198341538078393
0.3719110581939987
0.733418998921008
0.6057197399835975
0.25112867665068267
0.17791982075101131
0.3663772423688507
0.37238010499343266
0.42435663095283926
