bid
0.8198797317696832
0.8171520942347004
0.8171520942347004
0.1815406161004197
0.8936066185084324
0.8242041220908058
1.3524798478262827
1.2382492925121578
0.9826266166079439
0.5922103005035964
0.6130363644313508
0.7873115935070665
0.8851642447699423
0.8202054327858713
0.44486146699854834
0.3027520173646355
0.6000662557365822
0.9367100182660228
0.53841478867973
0.3816007586603863
0.20768510155737685
0.2572539429607665
0.9082327386171966
0.6291091457699242
0.480852675937203
0.22448315068177271
0.3744771007909432
0.4784974078426791
0.8693104010707026
0.44309063875089766
0.8671044173379493
0.20872708114112648
0.44561796672737886
0.45500603229992975
0.7435228771003882
0.44610822026732944
0.2720608235705129
0.21955643153971402
0.44605576443874206
0.46099838774833285
0.507844694833166
0.7341984289879431
0.3355389625718631
0.2575416631004811
0.6112309288309834
0.5360447083280923
0.874713866609477
0.46931847701207013
0.36517015239854794
0.2610065150085993
0.48264003580360526
0.8117899592767855
0.4754614712797229
0.24876928732896406
0.3361630197395373
0.20496551439856475
0.3873637110243218
0.39412126785151835
0.672573827247459
