bid
0.8198797317696832
0.8171520942347004
0.8171520942347004
0.3326152268174326
0.640393348548997
0.35362082547322315
0.5155937721735945
1.1141334957240852
0.37599288549299525
0.39928762603277207
0.358830088223311
0.6887676110738592
0.6272568038254971
0.664209453367068
0.1982333660087169
0.785601121514637
0.5344151047474
0.6678420971463945
0.5607467191465572
0.18909640966877028
0.1602940999726767
0.2270878311238335
0.6719007450227623
0.5275004847502548
0.507083701849513
0.3411988751903591
0.29605886106490453
0.5365288711646267
0.7811156853289059
0.8321019433219803
0.40564712436093425
0.2617227013334926
0.3532775528699764
0.5724304298547407
0.7116558407998247
0.5074834137786665
0.3029196791721855
0.30663992201040635
0.30495241322125827
0.48479924138651964
0.5014902144851744
0.4481128025878684
0.23826830710100294
0.1701411328063794
0.6709126071720386
0.7151883142324383
0.9177454511605059
0.40406274999514724
0.19282209093601124
0.3983894272912111
0.44506314441005634
0.6593424249225551
0.7729196151652171
0.10199124605570192
0.3594198089283908
0.1950844043133942
0.8216706865373004
0.8489452236054589
0.9728519326320617
