bid
0.5323415324818277
0.5490955427955354
0.5490955427955354
0.19920370589781206
0.6008646981976439
0.33125747561571
0.3802644520496995
0.40287163859532105
0.2747312056044918
0.8229450941889033
0.45216192425530094
0.1817216606716674
0.7699869427025032
0.7826588601569336
0.20217764087396825
0.2027112890989953
0.02899794614862874
0.22900749676682108
0.42998079138517026
0.22968445452118552
0.8027842272303746
0.2541147797745477
0.22697899308840397
0.3221465593694193
0.2567140073108104
0.4787636681314134
0.32286858046166905
0.26459592398877935
0.20281597603280338
0.20902812103621915
0.29970156500425277
0.2839825757050947
0.5925114864404396
0.3831464782033249
0.2060512947580717
0.3009626477479736
0.13461418804707148
0.29982365643678144
0.745144479713132
0.1708912492013575
0.3037743690426015
0.2603494611578519
0.17693992004855463
0.327052423420249
0.26286809970387104
0.22699450896050877
0.07957492793963612
0.342883276844125
0.29492732204192135
0.8857608826557979
0.3394195720961397
0.16133164415112217
0.20861169104893154
0.5027894521861609
0.299159241464673
0.6622336762895108
0.4488463773786011
0.1787270445820127
0.3087669944178284
