bid
0.18259709649952288
0.18283146302303643
0.18283146302303643
0.17145439926632947
0.4067997218900516
0.428354756415016
0.21106078782846938
0.20209577245249513
0.2750299704460829
0.15135189035058502
0.11945194543722248
0.15674039149449573
0.19682536092846725
0.1793477840636159
0.11684442347557313
0.29024808832149457
0.05561383694449863
0.16152412279663345
0.12318338150936217
0.10188610396219862
0.1210217030880306
0.09014361874767322
0.12376445974010303
0.1366611304772174
0.16641932507644394
0.10586848843646017
0.1467028247117029
0.12315549258852708
0.10979343910238985
0.13322231039287705
0.12155202298026307
0.10122618572213381
0.1536238779996059
0.09335716262503016
0.1272170098337973
0.16840084560852692
0.3041714792540652
0.5264105765943061
0.09869695386135004
0.11381160489459789
0.22187806188520595
0.12428720950433246
0.09863701432020681
0.0831720425649045
0.1113130646494429
0.14044618957836585
0.17411942021759813
0.11315450380182428
0.0868312559891697
0.12328299349235669
0.11564951730941979
0.18100209820200913
0.19635151951027016
0.11004237195425008
0.1119982062991788
0.1311713254361199
0.11463870439699272
0.10252706726918906
0.2515139989187223
