bid
0.5323415324818277
0.5490955427955354
0.5490955427955354
0.8301513269037911
0.37401861789489643
0.13496073938170342
0.14822148943593028
0.2731678751506262
0.6329675742390093
0.47575053270002265
1.1177160732471234
0.47393879618275925
0.2692969154210714
0.5754542636817935
0.4202835571715816
0.9199210797003676
0.47805241632980716
0.23457349867875416
0.3714360149064782
0.27787247247417074
0.6104933805458006
0.3660724946013923
0.291135204100633
0.38702276095698873
0.22077640614362645
0.5056795658046517
0.30940776983881985
0.24950988300171253
0.49351584269252624
0.20542217641763044
0.17549359152704808
0.2831273074129457
0.6298513659559303
0.3969533969174261
0.2388645795546413
0.3377738828018619
0.4734008986202286
0.23030729074357575
0.444415652932045
0.29357343817094955
0.2403080800451834
0.34403463918781596
0.24639721565137573
0.4755736884898197
0.3325821432672944
0.2274480756996213
0.44040181383881427
0.3257629280667792
0.7658703464296605
0.3936674491910152
0.19422332859140526
0.46662946217404305
0.3361175662801078
0.5914416270169055
0.2743108192147991
0.19864840837128972
0.36972723000794466
0.2566591211727914
0.5764635340846045
