bid
0.5323415324818277
0.5490955427955354
0.5490955427955354
1.4924567548061307
0.2031639393551298
0.17738981204433318
0.2030150765259705
0.3688906875998567
0.2828632346879402
0.5715448247915225
0.43776882229913017
0.8605920429909821
0.21542570345620626
0.27774786784185324
0.1473048979039821
0.48461288343351944
0.11613789107089313
0.3976090673174708
0.33759934340755066
0.17197668664384455
0.13450836538267794
0.287375361509096
0.1685734681432995
0.23629825748157837
0.22360790406726944
0.27005629377602985
0.3182313019910096
0.30266861565040715
0.26694955078193555
0.205050556304929
0.1657752046423388
0.3138669054383286
0.2684702079478844
0.2724120186139436
0.3673700372693631
0.33535181184965945
0.2260030539002579
0.4875022104193244
0.24023578277766175
0.2122955458909917
0.36299632083992933
0.3169690460045042
0.3860818752835461
0.2677905136275692
0.31356333391480673
0.3595208686962983
0.6344485820265474
0.32227567653228295
0.14562473243398202
0.36697286139141144
0.23343175014923034
0.25369704678117566
0.2499545267277003
0.2875528698048556
0.46068843485599614
0.2698928485323023
0.23623301818685352
0.2870611479228417
0.26939322199212007
