bid
0.7163386244087422
0.7376239342535296
0.7376239342535296
1.7375432328392244
0.2334067454073494
0.25116469475591297
0.277548833911791
1.0416611626858396
0.6125615327966287
1.581023285672164
1.0042030525214123
1.4606306045339879
0.9118688188577235
0.38417550712288273
0.27831616448832386
1.3408937305679818
0.5739920654084064
1.0427053559535333
0.30382701880331936
0.7014664313604955
0.4811965550501692
1.0321735254455555
0.7053488051173632
0.8622432653729557
0.2727509164407146
0.7256505669468784
0.3982988349404794
1.1621703902632692
0.6814941565451101
0.9531822021585854
0.5438141720981942
0.2368141215815435
0.9446145797237964
0.6663411038086036
1.1089886775133462
0.8004684542288979
0.35505602378157186
0.6824582722092258
0.5399254793739454
0.8687672054619189
0.24849967427227573
0.5765551816205966
0.426504842200484
0.6601529644459011
0.583000259208305
0.8180454885742199
0.28998540032094094
0.282514436462404
0.48402936707089306
0.25859888821261473
0.5454205295145388
0.37890457869271504
0.7177798858473127
0.15251431404982566
0.5224290959253475
0.4265993863912012
0.42956376368624716
0.42261457392736185
0.3102275598941229
