bid
0.7738614618314872
0.78180624535418
0.78180624535418
0.19749872943602392
0.3478062559977122
0.1540067658237278
0.3037162087417911
1.4549101873966983
0.3166921134583566
0.15122248665399782
0.46573813983340323
0.2372256395335825
0.26957685180068647
0.30059978034475454
0.2962708203934999
0.7927522895435516
0.24466001760372375
1.1291487102248599
0.14538495464779297
0.40326791407522133
0.3002379864358661
0.41970886354176384
0.29022997949368906
1.0285665641740007
0.3476966008512137
0.19096639976572066
0.1336634448812406
0.8178590246420403
0.1931354779230292
0.3454928964938012
0.20078801047021438
0.1140979213153852
0.7579034581112387
0.27835308275881515
0.1030223736955928
0.10525172160665716
0.276819768068232
0.4276822196044323
0.31684512665824655
0.6586924414408862
0.3243709345312102
0.43874870572868424
0.1525724034256871
0.20857193932862267
0.21832632514612624
0.060323299721686464
0.551159084491358
0.5302237045324436
0.22034628968350073
0.32200828511111407
0.26183808789734336
0.08062655261485557
0.19054333122542477
0.2306308283838609
0.3421095723779277
0.18788991410530223
0.42449358421583894
0.12807624255736655
0.08722020985057315
