bid
0.8774025691924283
0.8613344053353509
0.8613344053353509
0.8129347596371775
1.0890052365142242
0.5300993176937683
0.7229041772795765
0.4748986832824043
0.7656989507615508
0.5752299098424929
0.5724101698058524
0.8198128337379443
0.8145400879221719
0.5932084888418627
0.18426462384396863
0.14963086811285192
0.12100273985684763
0.8267833240275952
0.4833729089129857
0.43592105841144185
0.2490349644399934
0.5180886793269119
0.50922073457172
0.48055240271843114
0.46062898563278276
0.3851603008733801
0.3483997970271682
0.6517664188498827
0.6075414262026056
0.5542164930489786
0.4431033218071676
0.35992046615545326
0.6862652467769863
0.713844944673682
0.5839297545888908
0.4946261614851451
0.43792584477422347
0.21204238890313729
0.4159896897584389
0.41421296787175327
0.5571234028093341
0.5469669921249861
0.2365276404920154
0.38800468931205706
0.6643918494813359
0.5271166178220383
0.5573429443730957
0.43365063745768273
0.19955511859404185
0.37154955432912684
0.8878316007086756
0.5553821420092461
0.648983826408154
0.11089102332259826
0.12864681552826585
0.33985087524588237
0.5315383755639781
0.3683800377076827
0.5163647229324384
