bid
0.7163386244087422
0.7376239342535296
0.7376239342535296
0.7787280454043559
0.16164947986717845
0.18056727963923813
0.21462704516005177
0.34597238274477965
0.25518369703407856
0.9154972467279718
0.318297470247789
0.5051963714115267
0.25586161971091514
0.3551516936641017
0.11337824006993055
0.584460463888943
0.0751650706940908
0.16987024570736792
0.14640662833304513
0.1704262180093378
0.8458119458081964
0.2852935052710662
0.5900205580483675
0.28903522120186637
0.18064406963498406
0.12751393044065334
0.5083300322489974
0.19119405250921348
0.2012391589323107
0.12827018437219206
0.12135131127704261
0.13679615704034387
0.6213397415141031
0.2866258437457148
0.09248259618723365
0.2719548767959828
0.14145673431786054
0.36642126227873045
0.19580996704568415
0.5485082705815232
0.12518210881114547
0.23317370838616222
0.1116958133160395
0.3023074959188694
0.1353470996080481
0.5130522666929084
0.1176030406560521
0.30571869924328826
1.0458317546248346
0.2549389333346574
0.2409447332233208
0.40044436499546227
0.20015807256486817
0.08082764187188991
0.2749603744421421
0.9330214881361117
0.3608338302401436
0.16026916245596293
0.45205169567176207
