bid
0.7163386244087422
0.7376239342535296
0.7376239342535296
1.6639215183784148
0.34751043123993713
0.18260753728627332
0.2819890391688312
0.49299409689093887
0.2227272166278672
0.19097582241631428
0.7950090396861714
0.21451807628430733
0.23248196870558477
0.3691955687903291
0.17287850657412795
0.3292807972462846
1.1479860832211306
0.19033530380257951
0.21462398292528387
0.18292383001187634
0.40844973194635376
0.1144079161807666
0.3558520064943443
0.13865827871518716
0.25680438697920993
0.2685827711303493
0.4348023663862059
0.2391714658739618
0.1886922287486164
0.28998580502289006
0.23603936923579494
0.16626373536767378
0.2559707772533824
0.23153067241275377
0.1497796856082807
0.14323782779889482
0.6737680249637685
0.24869674472309733
0.18443404883821427
0.23616746142184133
0.24643827586993863
0.3156001770009595
0.22537707122068595
0.3541386308546349
0.3199660605475571
0.17035655430086735
0.22869352379472296
0.577537007742021
0.2493610198524861
0.32966978204946024
0.28888781656623924
0.20120371585741145
0.36068278404094195
0.3680748035915785
0.22375862726830675
0.4999360648382375
0.26997427799988444
0.20808764745822814
0.36208693951010235
