bid
0.7738614618314872
0.78180624535418
0.78180624535418
0.8037759767738084
0.34369117389444126
0.23946016553598531
0.3327636652824409
0.6299252057579319
0.47816168634164163
1.2242131083019991
0.3948659233516332
1.5205125859560324
0.8769410907323365
0.25157747269685604
0.12668189305417957
1.0616855909717
0.6839217323927342
0.8397539810059695
0.2493098550921224
0.2128213296627986
0.27837101810779447
0.858445144078827
0.5179767697931026
0.7169366978761965
0.42811310736915226
0.3464892307923778
0.37222914877984264
0.6953724062505561
0.5604080978275897
0.6472828705637061
0.2841518869688161
0.5664344010361703
0.3502970684988301
0.6631428269343226
0.4295358468798054
0.4155588222312315
0.17113864509358762
0.5702753016900498
0.488108883263619
0.4190108019347591
0.6845626909351099
0.46950502689821705
0.5747225329910068
0.384199758238518
0.2580057168353763
0.5962763073769455
0.5037545853266815
1.0822357067813588
0.5302689522061245
0.36749124855374243
0.5178096757715034
0.4816999574502249
0.4100657686217128
1.280653646193546
0.5373304159358316
0.2724081094975499
0.5687844338145159
0.5242252484275454
0.37764139655064977
