bid
0.5323415324818277
0.5490955427955354
0.5490955427955354
0.86806187163615
0.3496139171951732
0.2697456731158987
0.2635206873368748
0.66119636536052
0.24463391524161615
0.7131998516526685
0.32868642541244714
0.22892303709379233
0.34890719509049706
0.22521259215808265
0.16382622311244566
0.2779771122641321
0.6143321194930718
0.21206876670680938
0.1473184008782725
0.19268963487971094
0.549904091550632
0.24431895318230437
0.4040603656158018
0.22147097058716153
0.14660013853111895
0.2302153955313217
0.21403435402559728
0.4248911062586952
0.2295935991820335
0.17751282054458004
0.2770419495972518
0.23519758376988248
0.5175289609136557
0.20210834056376312
0.17369079048518424
0.21201826313793065
0.3887737849631339
0.1758492978698547
0.2565812556113289
0.21912075141380047
0.160758948451386
0.21146912745416413
0.08505607586665608
0.2358403959443868
0.1562369581911632
0.48608261494735877
0.2497419310651596
0.21324950402231718
0.22173374778499474
0.20673974788795718
0.8744178672150841
0.22236178063618378
0.1807223569757589
0.43809975834338216
0.22288059216068756
0.22063335040767237
0.23995503946945826
0.20081144320941827
0.2640618893098538
