bid
0.75
0.75
0.44979590729004976
0.3119610647050153
0.25400759614265156
0.23798344892912962
0.6649901328759809
0.75
0.4299552201664415
0.29522578230706903
0.19968920145314112
0.22185533901409243
0.6199238309810415
0.75
0.46121146615179476
0.32148588474746337
0.19968920145314112
0.15310094092535811
0.4256664168452814
0.6293164577779343
0.4256664168452814
0.33296634909859024
0.19968920145314112
0.15387029238729458
0.305768481785064
0.5149823198904
0.5201710258734881
0.35717184219213083
0.21313488087090882
0.16505612636050163
0.28647898320397713
0.6199238309810415
0.7205197826815777
0.3313015173530973
0.22297018996391196
0.15464350993697948
0.25400759614265156
0.75
0.5307058010454495
0.3644054728022383
0.20995381613205039
0.14561585589794976
0.31668766773187196
0.651789746658945
0.46819940073265476
0.3755315296843898
0.187091746850883
0.14059511537230512
0.40081720623903855
0.7169171837681697
0.48735587695123156
0.3644054728022383
0.19474664472907877
0.14272530844145742
0.4364695832552237
0.6293164577779343
0.35896667556998074
0.2591518905847339
0.1634096915000556
