bid
0.9782608695652174
0.9782608695652174
0.6190083742700844
0.44046030397957064
0.3625912098925261
0.3407563014223303
0.8803944719384461
0.9782608695652174
0.5938656987947439
0.41814900031294205
0.2880304866067782
0.3186444155536195
0.8273116989107278
0.9782608695652174
0.6333916966185311
0.45309603141424076
0.2880304866067782
0.22282836492117886
0.5884066363585743
0.8384452124401597
0.5884066363585743
0.4682661496001239
0.2880304866067782
0.22391467527021505
0.4322208217830942
0.7003408488270108
0.7067322145936299
0.500037873592801
0.30663154571300255
0.23967231283042206
0.4064316496587358
0.8273116989107278
0.9446516357607414
0.4660703154868406
0.3201772868515824
0.22500611774441143
0.3625912098925261
0.9782608695652174
0.7196718919832061
0.5094769699780191
0.30223945865213536
0.21224260609793233
0.4467363246489698
0.8649336438659769
0.6421666892806476
0.5239456706894781
0.27051538123140145
0.20512476505668537
0.5566063304864495
0.940520687185682
0.6661075314045505
0.5094769699780191
0.28116863734829267
0.20814641053331617
0.6021411182906083
0.8384452124401597
0.5023823116960336
0.36957274097086457
0.23735724249577567
