bid
0.5833333333333334
0.5833333333333334
0.3498412612255942
0.24263638365945633
0.1975614636665068
0.18509823805598974
0.5172145477924296
0.5833333333333334
0.3344096156850101
0.22962005290549817
0.1553138233524431
0.17255415256651632
0.48216297965192123
0.5833333333333334
0.35872002922917373
0.2500445770258049
0.1553138233524431
0.11907850960861185
0.3310738797685522
0.48946835604950456
0.3310738797685522
0.2589738270766813
0.1553138233524431
0.1196768940790069
0.23781993027727205
0.4005418043592
0.40457746456826843
0.2778003217049907
0.16577157401070686
0.12837698716927906
0.2228169869364267
0.48216297965192123
0.5604042754190048
0.2576789579412979
0.17342125886082044
0.1202782855065396
0.1975614636665068
0.5833333333333334
0.4127711785909053
0.2834264788461853
0.1632974125471503
0.11325677680951649
0.24631263045812263
0.506947580734735
0.3641550894587315
0.2920800786434143
0.14551580310624232
0.10935175640068177
0.31174671596369663
0.5576022540419098
0.37905457096206907
0.2834264788461853
0.15146961256706126
0.11100857323224467
0.3394763425318407
0.48946835604950456
0.2791963032210962
0.20156258156590415
0.12709642672226548
