bid
1.125
1.125
0.6746938609350747
0.4679415970575229
0.38101139421397734
0.35697517339369444
0.9974851993139712
1.125
0.6449328302496623
0.4428386734606035
0.2995338021797117
0.3327830085211386
0.9298857464715622
1.125
0.6918171992276921
0.4822288271211951
0.2995338021797117
0.22965141138803716
0.638499625267922
0.9439746866669015
0.638499625267922
0.4994495236478854
0.2995338021797117
0.23080543858094188
0.458652722677596
0.7724734798355999
0.780256538810232
0.5357577632881962
0.3197023213063632
0.24758418954075245
0.4297184748059657
0.9298857464715622
1.0807796740223665
0.496952276029646
0.33445528494586796
0.23196526490546923
0.38101139421397734
1.125
0.7960587015681744
0.5466082092033574
0.3149307241980756
0.21842378384692465
0.47503150159780794
0.9776846199884174
0.7022991010989821
0.5632972945265847
0.2806376202763245
0.2108926730584577
0.6012258093585579
1.0753757756522546
0.7310338154268473
0.5466082092033574
0.29211996709361815
0.21408796266218616
0.6547043748828356
0.9439746866669015
0.5384500133549711
0.38872783587710086
0.24511453725008342
