bid
0.7954545454545455
0.7954545454545455
0.495071098011314
0.34942049679454684
0.2866345484822392
0.2691082491806136
0.7126357249638592
0.7954545454545455
0.47441732922892865
0.331385602845531
0.22692870673081522
0.25139479194402525
0.6680276359721407
0.7954545454545455
0.5069078174830708
0.35965052331372077
0.22692870673081522
0.1750445007112247
0.46993917627922804
0.6773655613183102
0.46993917627922804
0.3719479217407774
0.22692870673081522
0.1759064377832417
0.3427560299620197
0.5622090129704264
0.567506161864835
0.3977580842000787
0.24178628228654525
0.1884188558890748
0.3219287059583571
0.6680276359721407
0.7669281584536527
0.37016685801409377
0.25262160984637266
0.176772531626324
0.2866345484822392
0.7954545454545455
0.5782400543851529
0.4054404236972085
0.23827586195283848
0.16664958887833342
0.3545001681585586
0.6996206306232615
0.5141368269516504
0.41722909397965324
0.21296126530763293
0.1610093508334953
0.44389718975172543
0.7634280859448506
0.5338893106827465
0.4054404236972085
0.22145409329970683
0.16340328854726607
0.4812100409911433
0.6773655613183102
0.39966557193850555
0.2922457344040388
0.18657945460118117
