bid
0.33333333333333337
0.33333333333333337
0.20152780292855663
0.14030204118224027
0.11442174568922793
0.10725126638279153
0.2962194535358104
0.33333333333333337
0.19274269744279268
0.13283700930113262
0.09008961305973669
0.10002785387971071
0.27647771477752625
0.33333333333333337
0.20657817530149586
0.14454768506086346
0.09008961305973669
0.06916168339290715
0.1908424599491372
0.28059608095817873
0.1908424599491372
0.1496621152475478
0.09008961305973669
0.0695077259095827
0.1375405404899767
0.23032563172409978
0.2326135861443632
0.16043494148042867
0.09611947300389843
0.07453726279577362
0.1289326403513412
0.27647771477752625
0.3204812310158322
0.14892064812549854
0.10052737757127973
0.06985549233813254
0.11442174568922793
0.33333333333333337
0.23725694630589386
0.16365156992447796
0.09469329638833109
0.06579422943652295
0.14240917844972964
0.2904416992187618
0.20966819388362212
0.16859660706360755
0.08443606148039315
0.06353466527867171
0.17982389355347578
0.31890931345747814
0.21813314553973254
0.16365156992447796
0.08787193851415098
0.06449342771360067
0.19562817435574667
0.28059608095817873
0.16123318027137137
0.11672236937986583
0.07379716606489302
