bid
1.4673913043478262
1.4673913043478262
0.9285125614051265
0.6606904559693559
0.5438868148387891
0.5111344521334955
1.3205917079076692
1.4673913043478262
0.8907985481921158
0.6272235004694131
0.4320457299101673
0.4779666233304293
1.2409675483660916
1.4673913043478262
0.9500875449277967
0.6796440471213612
0.4320457299101673
0.3342425473817683
0.8826099545378614
1.2576678186602395
0.8826099545378614
0.7023992244001859
0.4320457299101673
0.3358720129053226
0.6483312326746413
1.0505112732405162
1.0600983218904447
0.7500568103892016
0.4599473185695038
0.35950846924563307
0.6096474744881036
1.2409675483660916
1.4169774536411122
0.6991054732302608
0.4802659302773737
0.33750917661661717
0.5438868148387891
1.4673913043478262
1.079507837974809
0.7642154549670286
0.45335918797820307
0.3183639091468985
0.6701044869734547
1.2974004657989653
0.9632500339209713
0.7859185060342171
0.40577307184710215
0.307687147585028
0.8349094957296742
1.4107810307785231
0.9991612971068257
0.7642154549670286
0.42175295602243906
0.31221961579997426
0.9032116774359125
1.2576678186602395
0.7535734675440505
0.5543591114562968
0.35603586374366347
