bid
0.5606060606060607
0.5606060606060607
0.34135817727500073
0.23848378974670276
0.19478785023292935
0.18265849294074088
0.4991613772996339
0.5606060606060607
0.3266390173139854
0.2258930596161507
0.15358752955305754
0.17042945630773088
0.46638674150742376
0.5606060606060607
0.3498136788404052
0.2456399078186659
0.15358752955305754
0.11805757712241384
0.32345341023323787
0.47322922097637693
0.32345341023323787
0.25425587882689715
0.15358752955305754
0.11864577884035873
0.23382739729044683
0.389512177625379
0.39333174028610635
0.2723882078885886
0.16380840865941684
0.12719223720789513
0.21930362280891733
0.46638674150742376
0.5393533455119035
0.25300707825619706
0.17127546501943244
0.11923688646840092
0.19478785023292935
0.5606060606060607
0.4010806890191324
0.2777981089684512
0.16139162487061115
0.11233232642781898
0.2420358368785154
0.4895759405979233
0.3549848588197466
0.2861112146475663
0.14399796329146217
0.10848938960995967
0.3049687490511768
0.5367521697224772
0.3691424150305384
0.2777981089684512
0.14982666240966552
0.11012012428907299
0.3314750645870928
0.47322922097637693
0.2737309081087709
0.19867739929595632
0.12593494515591774
