bid
0.840909090909091
0.840909090909091
0.5120372659125011
0.3577256846200541
0.29218177534939405
0.2739877394111113
0.7487420659494508
0.840909090909091
0.4899585259709781
0.33883958942422604
0.23038129432958632
0.2556441844615963
0.6995801122611356
0.840909090909091
0.5247205182606078
0.3684598617279988
0.23038129432958632
0.17708636568362077
0.48518011534985683
0.7098438314645654
0.48518011534985683
0.38138381824034573
0.23038129432958632
0.1779686682605381
0.3507410959356702
0.5842682664380685
0.5899976104291595
0.4085823118328829
0.24571261298912525
0.1907883558118427
0.328955434213376
0.6995801122611356
0.8090300182678553
0.3795106173842956
0.25691319752914865
0.17885532970260137
0.29218177534939405
0.840909090909091
0.6016210335286987
0.41669716345267677
0.24208743730591673
0.16849848964172848
0.3630537553177731
0.7343639108968849
0.5324772882296199
0.42916682197134937
0.21599694493719324
0.1627340844149395
0.45745312357676526
0.8051282545837157
0.5537136225458076
0.41669716345267677
0.22473999361449828
0.1651801864336095
0.4972125968806392
0.7098438314645654
0.4105963621631563
0.2980160989439345
0.18890241773387662
