bid
0.5237022380068507
0.547677532986052
0.547677532986052
0.42752551414544576
0.21749426777049716
0.20569610512840797
0.3958278047506147
1.2922685726114576
0.549163261872407
0.30877055626163374
0.1515278680197096
0.2600914456985626
0.24002690501830148
0.4412287524133336
0.30146700015468914
0.28985303510891014
0.21333693696078196
0.399250219306015
0.40360618454162767
0.6658657810305921
0.2689070901109653
0.26263531345766
0.21144383103187037
0.3058898093251513
0.6120339478553598
0.628406597755753
0.36052970089323055
0.3257921098776452
0.4512093100994526
0.31366545782916255
0.26062344858692077
0.1964359666853932
0.25169301049110765
0.25419436878764173
0.5631315519033095
0.18061270886493058
0.16638410640125828
0.2479197057047066
0.22730797352479185
0.204854382941335
0.1642531058657997
0.3985204232911147
0.23135533895246366
0.1814259859442027
0.2663762033664424
0.19770642088415405
0.18897998591175338
0.22019026362457783
0.5092324915318668
0.27147207477657564
0.18156819404627592
0.18212645766955024
0.26641072917606035
0.3213243879916652
0.1832290039608113
0.2641617676835631
0.23436295787086286
0.5270449193813562
0.48351926417287444
