bid
0.698913639872704
0.7260339616037088
0.7260339616037088
0.3087186924686364
0.18933536669355774
1.2752491266746178
0.1598267019490018
0.3671169866296882
0.17766662833343033
0.1655794607247014
0.43958992557241566
0.24869902335195998
0.3142557725751971
0.14831019138979318
0.20615257423197067
0.2850507745482196
0.11028854681847952
0.29270626348058837
0.1522562321563652
0.3746569932207139
0.3542586583613444
0.22889389857891204
0.5229668166701071
0.25382650340461393
0.16917140403711894
0.3380931722396799
0.1650468411243008
0.1342185125050718
0.2429477969440512
0.19141815737166765
0.263484967505826
0.5404183849958484
0.23036457677615718
0.17631335113940153
0.21898500925890474
0.19837561003595783
0.2837011191642628
0.1654289473811653
0.3947034009969279
0.1978178086937126
0.07774661991580824
0.23257294239131676
0.13108458300537287
0.13274970417185566
0.24297928118298984
0.189874378321877
0.20477104806183766
0.32204935654848604
0.6481680455837089
0.23075123991524857
0.15867257998548237
0.2857307706129144
0.12378804522367612
0.21335984659353183
0.1323182022848998
0.41265775873867305
0.20843973934543691
0.10991616505848628
0.567470956133537
