bid
0.698913639872704
0.7260339616037088
0.7260339616037088
0.2733665675819322
0.597204767620642
0.08134354175104075
0.23911499119539764
0.41375434437701686
0.13555557374281188
0.21667922776592646
0.5735170036388539
0.3602962932537424
0.19576987133952212
0.3405136054810184
0.281319523569566
0.33013397870297384
0.701006178400882
0.37138688132710673
0.1931838520985852
0.3308240290645832
0.31373712859496117
0.17148542690118318
0.411030620941529
0.23840507953177278
0.16553435108822517
0.30999919226090555
0.05864477343012336
0.48364467863638083
0.2616121099182514
0.19093658587872386
0.17667694897020736
0.1024317065935326
0.4495214032120195
0.29350462331510363
0.39232197227314036
0.20954111288508062
0.2404851563910564
0.2743867830689642
0.11753779777818128
0.21537313509747624
0.06172845443717333
0.26572786663931536
0.14592733618434361
0.16559973998114225
0.47678300921751476
0.19767146837970404
0.21275392586115535
0.49551852645266015
0.1165220635842419
0.27231695334584244
0.21794109080922852
0.43836886202358055
0.1513540701638031
0.19901147681910444
0.047163127358232304
0.2575741402650324
0.1324611536420895
0.3346911864955836
0.2749881158153096
