bid
0.7702508735669895
0.7804046189572952
0.7804046189572952
0.4009353789595056
0.16723536187327329
0.06376669376615132
0.08106738109083077
1.8060350479499008
0.13873900285166832
0.5344113150570761
0.23086498419199664
0.4690933696648769
0.41926315020130056
1.2739029111021076
0.33479018005954253
0.2393827537625422
0.4381987155728193
0.3398812994931597
0.6774724169931989
0.41975769189560375
0.44852980535536613
0.320659697323141
0.1723988821490616
0.08845067166759563
0.18554057530588544
0.3969944696259804
0.4700673074791335
0.26349493937762575
0.42724209244233674
0.433242013384732
0.23931607045420691
0.21842462085827222
0.4125298555747883
0.3157901971348629
0.5660279149445178
0.16777418291680343
0.4207007464405423
0.06313830981966116
0.2646093427433525
0.12827902451320528
0.3988041667915156
0.17796909467994515
0.1858365481417009
0.2179630790215915
0.5334019396347053
0.22865886795037432
0.11286255123683105
0.17439813951716368
0.08450254038382345
0.3201014172331147
0.2974325406349355
0.4813078442046012
0.13809360871767548
0.1809301263462069
0.297530533450282
0.17484215416599908
0.527123216536064
0.09941756864348664
0.5003053825528911
