bid
0.5237022380068507
0.547677532986052
0.547677532986052
0.43507634663714284
0.1293824793375058
0.16892716355941936
0.2596797012633383
0.758046660924967
0.18421700755475418
0.12185928344285135
0.2808546827302069
0.1642116318796314
0.22990490759333462
0.26090649201298066
0.2559445064788012
0.16941245386708206
0.4092834651183851
0.21789378387135214
0.26223616168707536
0.25996918620986087
0.23979079127516412
0.1243615141236198
0.2898430255804692
0.19389287218452894
0.4122722901768501
0.34156964993274075
0.29325674010858027
0.19336866681272852
0.15967863482920544
0.1950522690539272
0.17638291861042638
0.11744806034892462
0.11329480010066063
0.022173848933250858
0.21128234657438671
0.34123913255942434
0.25032407322720657
0.18159827137480336
0.1357385748946366
0.04821993047564545
0.2976213119063507
0.5046185307099813
0.15226457040635966
0.288040866585421
0.07857795631574677
0.2536390574259801
0.4573324606511535
0.28574804671093545
0.1877477059490185
0.08575357245700982
0.14478073322144136
0.24520062838874748
0.4263832796241319
0.15112581480749193
0.049182719373728374
0.23371164237574568
0.1436744222647058
0.4566249831179146
0.2466015766199395
