bid
0.8273206605224178
0.8239011448401643
0.8239011448401643
0.6920417070628333
0.5259142475339041
0.952380899989959
1.1626260091431853
0.863864290174043
1.1897736453444314
0.29176676630836107
0.6721410111301368
0.6278366324368612
0.6180389597863211
0.760941357180234
0.9668002677433019
0.4781616595934857
0.26900764695711366
0.5976715021106961
1.0507585104171893
0.9771158524060932
0.4501508505158476
0.5914482465219483
0.4152177347362205
0.3201043043655838
0.606660759802041
0.7907756310299181
0.5392235678044843
0.31602255541932345
0.37667557820244046
0.7573116755137755
0.6203224088216793
0.2190667908878393
0.3676952427791097
0.3018260593348101
0.45525360537450354
0.7177083715366425
0.5555307641159732
0.4683135659116788
0.34180729816320743
0.4187283857857269
0.7377382161663566
0.7934146667432752
0.3344254047896892
0.5015446929035977
0.30959573329998213
0.6120168912560356
0.7083122616589979
0.5212571696379561
0.37582697579012253
0.34449577283728033
0.43095908329909616
0.8878064288374798
0.5788161173953857
0.3625861838948789
0.14523564845155584
0.18887891069619
0.858877226149523
1.1324563613970549
0.6455158490331924
