bid
0.19049495770758718
0.18737519837916072
0.18737519837916072
0.2674880358325796
0.12178801781036792
0.19786639927166905
0.2166063736625034
0.3972129163713887
0.3347127832613547
0.12203019289395381
0.22584829995577016
0.10259714580784193
0.14525866586509517
0.2578335170447878
0.16404635632079562
0.0983418828861789
0.12457289776544764
0.17025499791029974
0.2085118190309485
0.3656271468079277
0.20271808897003826
0.10332981070355832
0.08830875668702061
0.10788737191225554
0.1896969371815196
0.19233487062194649
0.09077412139436485
0.1291407947280552
0.09641424942806631
0.3863139964883596
0.16992629427847533
0.0857567575431785
0.1472140163021838
0.1174850071935176
0.08320617534667372
0.1734470204884429
0.16076616334281726
0.08810395367641469
0.12497933185031616
0.097908702741404
0.1611068410697383
0.16564514941534214
0.11059316970202143
0.1716282496123534
0.08936693500580405
0.11268177580630742
0.18107106136215076
0.20772728017855321
0.0888210136157218
0.12017801525253768
0.08283463092690613
0.17964680314987538
0.2481497123910383
0.11017861539991242
0.07197901173864392
0.1553139273836991
0.08971411995282633
0.5440982757997852
0.16183887282866422
