bid
0.5695102881804833
0.5820943334660049
0.5820943334660049
0.1285717834924105
0.2817515244323218
0.43472178923104393
0.5371230094592455
0.6214279702485519
0.5214665939820831
0.23415237368445874
0.8517066563603237
0.23472975219032596
0.46261080563472645
0.42526107164250376
0.7701069349696332
0.31994473639861537
0.14221618986792786
0.3244169804080121
0.4051644181684193
0.4983179169967929
0.2466409876700287
0.3757816383985057
0.17682099326185394
0.08370089668309688
0.30743558428558027
0.2557498193636569
0.5788415633749786
0.3752405682239604
0.2787480874559747
0.5241752664904441
0.5303982428777873
0.156434458597809
0.3681699183573522
0.26526816299441147
0.20449113084527887
0.41310061018071836
0.327295630394832
0.5789251307031164
0.3619618665998794
0.2107672467148667
0.4978584378204421
0.4255270281877034
0.3396336020604979
0.18181558352927077
0.7280666966542804
0.3276185700505824
0.39201062477711845
0.30559296654851964
0.2773676764148133
0.1959675267719062
0.1804543593333945
0.4624165655259707
0.44606238706178736
0.3777468313515324
0.2068030356720153
0.5188108715354003
0.30692045583382366
0.30961142800929
0.43600861768660315
