bid
0.5237022380068507
0.547677532986052
0.547677532986052
0.23935613648285625
0.4410934414785282
0.09739547688492901
0.1115723529992186
0.2117472426728843
0.13007479647640421
0.4678523266760187
0.26377676291388497
0.296086703963837
0.22527766730311527
0.14909755392794719
0.3931368355117192
0.2311948819272641
0.2874254915902857
0.23185750498586372
0.14488371411482712
0.2961103941321621
0.19931565305294308
0.28962372972443073
0.2080968847471878
0.25894120950688404
0.13622563240724786
0.20317754489422213
0.06611765772518682
0.17966523916284044
0.13351194757882598
0.19011892642674902
0.15835642213476364
0.08416963524613084
0.1494805756427824
0.27997675970769675
0.251426452531583
0.14035652510392888
0.2188272809445582
0.06950705866171189
0.13652301309605175
0.2691058754703571
0.1298220696504596
0.12305389282446408
0.060891800001823204
0.45811500998502114
0.2184241579441062
0.10291866086711582
0.08923922148342005
0.10762525821206843
0.27449919265827605
0.18244626496497315
0.1771471173958541
0.19270903634159853
0.13042344967050534
0.24811855554339438
0.1711975558737581
0.2061651446303788
0.15713636628959388
0.09092914836334974
0.2697770252397953
