bid
0.6061567283193894
0.6096277738499672
0.6096277738499672
0.6090792768091223
0.23375052601355503
0.39427392822661017
0.7372450993090404
0.7580814063283287
0.6963328346089837
0.2631070455176706
0.20585836751444958
0.4796203902983072
0.5440009887505928
0.6462561422410892
0.7537593892147663
0.5065186417219969
0.38286703062550176
0.38944918887851004
0.5661401359466345
0.689685176519894
0.2630519532302112
0.2501885817812314
0.5347354272358308
0.542647794227418
0.6889615719860859
0.5290385770899213
0.3495906431929424
0.7924586650916271
0.47091371014892
0.5417243776456646
0.6403370715855714
0.32151941688428815
0.39133016865060727
0.3870416113421322
0.4910962942330996
0.7939100624925475
0.3294159083439009
0.5457023738667968
0.4289262519424791
0.2732212468224596
0.7021847948295374
0.5545000231555914
0.1585200065983131
0.4733755293057568
0.3003239960593601
0.36012002277493615
0.5995015873042293
0.3124301154158458
0.5102368937692733
0.4338934808107173
0.32720188322847804
0.5999152726928341
0.5491523520716767
0.21155676573147844
0.2262986102649554
0.4842322973025253
0.4788531256061431
0.6324894934981207
0.4048478736920749
