bid
0.8986578942167033
0.8782718021937507
0.8782718021937507
0.710445704100281
0.8786974458675972
0.5999272080674356
1.311020162293238
0.7153607705665084
1.3195828113721146
0.36139067358613847
0.29381218611504334
0.6014459181828045
0.6044749699344336
1.3202284040181542
1.0111202507428916
0.34881512325413894
0.37193667779925726
0.9169983262269656
0.9394365196249699
1.0727449453964333
0.44388317989030407
0.1977576528923382
1.1245980019735766
0.6524870139877796
0.95235247149617
0.9458435624027053
0.47151619415769846
0.23739316086063927
0.5900193637598911
0.8648351366093393
0.9133274070012635
0.23408794970028707
0.2818524661484002
0.7276698297223705
0.9158854937330991
0.7797032476857793
0.6205900941368325
0.46088675525915634
0.27218566464380556
0.5940114427683214
0.7431406776772843
0.7718979527957776
0.38331346363402363
0.5953261250287034
0.4363760882580294
0.8569406596646847
0.7997536446207759
0.5139291197880647
0.6627385675972504
0.5686425465451946
0.7932075356852021
0.8330198774524964
0.7980386156889948
0.4274440857301313
0.2053894453829768
0.5428325838058112
0.7672092015793653
1.0499500218230258
0.8409162571291655
