bid
0.7702508735669895
0.7804046189572952
0.7804046189572952
0.445328866301145
1.6350335942193917
1.3087044345175183
0.21099361435058958
0.5375804547339746
0.26962451872502813
0.31070547817265104
1.0469655464305374
0.41080160240215263
0.14485287519252307
0.4277689519359578
0.24923069007157253
0.9460468982190827
0.36286209485831394
0.15853837707920027
0.2582268743019389
0.32523680386001386
0.43569922997439364
0.3450145536986898
0.7612038771445253
0.35933246260826895
0.234592801615315
0.40461949386994683
0.27028493510636203
0.7188199724387108
0.27290612042781415
0.1566929285791402
0.2770880846999591
0.15478602506251407
0.3227020895638379
0.22035018880047672
0.34041355149254177
0.24441189144099618
0.7149850052752386
0.24984563963845996
0.1403052438354309
0.4275273392729343
0.2822959710778777
0.3141947592629024
0.11025470321449732
0.6260659862596799
0.2645229026797027
0.19553109341660566
0.20275913963939254
0.3522081671561753
0.4516221725410343
0.20919506118944772
0.31269457074854257
0.2599091160371283
0.1977102793059727
0.47006931495498494
0.28226644267081125
0.3552619366140371
0.2323026067059382
0.1849916289342672
0.48067858863303603
