bid
0.5237022380068507
0.547677532986052
0.547677532986052
0.2898732235185093
0.7486844072926233
0.5192435203510612
0.15647444457137283
0.24364133603984384
0.2059815111391035
0.9310366690970602
0.23913246005803787
0.12519319248705105
0.39467221748572306
0.17848999885469216
0.19099408738540158
0.4115991083874892
0.2206925259987007
0.13149004653714727
0.3030898902492544
0.6171526370148039
0.204596197648051
0.25115915601841426
0.3939982228316863
0.2861798980437661
0.18176104992258438
0.25017918444828496
0.2977254671153154
0.16931040079270238
0.346233737480629
0.29594227430730646
0.21311335158671207
0.17420734170536978
0.4596788627181061
0.2360604150777596
0.30986112960037887
0.15435893654747815
0.20353636820674142
0.261142144660901
0.11458363338852046
0.21483049361003376
0.12737985651844683
0.7975697576928051
0.27607759355576833
0.16144078070629853
0.30027492511140846
0.1490702458017358
0.14579945948336023
0.12548835023034197
0.6155768084301145
0.23503925942839904
0.10953581134480683
0.2596446583095562
0.2508125906328713
0.932374538763594
0.22553339433210798
0.14577713077753077
0.40791324882957974
0.2523508075740938
0.294250698835783
