bid
0.698913639872704
0.7260339616037088
0.7260339616037088
1.331081929527617
0.3174758753980033
0.08517830228072071
0.09419301972914829
0.2020929613228731
0.13502243728986218
0.14634172972953127
0.4439799476165703
0.22520588825993115
0.35060630642197793
0.12290949654142781
0.2196191594898282
0.31365438028610426
0.18546236096843002
0.41675015130579185
0.2643819733102542
0.6387468641890687
0.26569475987742425
0.4351554902464053
0.3429467768548643
0.21432293130884192
0.18150895722707933
0.607066861607251
0.3920253920805982
0.29835855897356556
0.44409707446471297
0.24225758735689393
0.2473318462243539
0.20102372495577628
0.3242667452912697
0.22904716427175906
0.36224632038358323
0.24535829234819534
0.41120033611667495
0.19601159214196479
0.11837058095620907
0.2971929752130122
0.05094789283227489
0.2146735018617641
0.25163935658589404
0.12322829129474089
0.44327624573074964
0.19484827103682864
0.20408251361622373
0.291710537912188
0.12630044980059296
0.3037655244871449
0.17033104773105168
0.33337210114135263
0.11763693158483586
0.22175155178386524
0.23183322292756167
0.07941682460396077
0.1785283577904729
0.14031061375875162
0.3989457601818552
