bid
0.698913639872704
0.7260339616037088
0.7260339616037088
1.1482562587969223
0.08331782227254914
0.09283963855674066
0.1360556740527965
0.7835948938684596
0.21854589745828534
0.1159258059191835
0.2370996965461352
0.4682353537368525
0.2886632651357407
0.3004744169394786
0.2850245166609909
0.25301226931556287
0.13169181814344172
0.09545582961388707
0.16281937673431063
0.5476430016769217
0.34648580129285383
0.3290452969911523
0.07641953143559807
0.0981705438454355
0.1846022892933878
0.28618771326399717
0.0883102132007407
0.22508923750692542
0.38910637810814935
0.20767187039247362
0.15371649592998915
0.1886568563283725
0.3042217322571067
0.1864916491942075
0.2338138755451376
0.12309935635529345
0.20939563926558188
0.2237170677909661
0.13311795114592154
0.23635002250175405
0.2314814203698562
0.13971926060324336
0.12838198703100814
0.37799203278715254
0.20808062524330068
0.10603853607662202
0.12141176846836725
0.08595635975809358
0.05212367329805772
0.24050814213249597
0.14751517941713055
0.3870624784550636
0.1251360576259888
0.20729043978617692
0.1387434962299178
0.1798337094002257
0.1734030383768763
0.6418312307678754
0.6110379384451847
