bid
0.8273206605224178
0.8239011448401643
0.8239011448401643
0.6662673945744326
0.4418180322430154
0.7194231237577496
0.9441362414052541
0.8994208249537247
1.0430924534434929
0.49152685028523335
0.08809848474256933
0.5659231883096796
0.766445415346611
1.1616553606766071
0.9620415098983351
0.2569257710796048
0.3582992154398909
1.1309671528916445
0.8905845111502555
0.9366455951374717
0.6877462009025415
0.775937378390546
0.4339496677106605
0.855124665930773
0.8514161508788438
0.8378542679625981
0.4452436451580111
0.3266112004861753
0.36340435815956196
1.080474498078616
0.7676705963693118
0.3056792775815274
0.5290576346490371
0.4005381389647546
0.5037443722805595
0.7750690908154239
0.30771690156265885
0.655444158918841
0.11847224296005202
0.4912585402677124
0.755078948244204
0.23230414123751997
0.4003237279288529
0.6127850757846127
0.09521879367034347
0.43006058747442133
0.6789782333526473
0.7001666646769044
0.5924437234456651
0.3269830440812621
0.35450610298507373
0.7096918319394595
0.7760216490241263
0.27550935479497474
0.4883601593543605
0.3684510282397634
0.7177712726333703
0.8038896609838371
0.7891439067708566
