1.1415315888933508,1.1468665338413018,1.173340952657648,1.199815371473994,1.3495032348942761,1.499191098314558,1.86027370041879
10.0,100.0,300.0,1000.

3.789473684210526,11.368421052631579,0,0
2.3684210526315788,11.368421052631579,0,0
2.8421052631578947,9.947368421052632,0,0
3.31578947368421,13.26315789473684,0,0
2.8421052631578947,34.10526315789474,35.05263157894737,0
2.3684210526315788,27.47368421052631,85.73684210526315,171.0
2.3684210526315788,24.63157894736842,84.3157894736842,178.10526315789474
