1.1415315888933508,1.1468665338413018,1.173340952657648,1.199815371473994,1.3495032348942761,1.499191098314558,1.86027370041879
10.0,100.0,300.0,1000.

3.789473684210526,18.0,0,0
3.789473684210526,21.31578947368421,0,0
3.789473684210526,38.84210526315789,59.21052631578947,0
3.789473684210526,35.99999999999999,64.42105263157895,0
3.789473684210526,36.473684210526315,58.73684210526316,0
3.31578947368421,37.89473684210526,63.00000000000001,0
1.8947368421052633,26.052631578947366,82.89473684210526,161.05263157894734
