1.1415315888933508,1.1468665338413018,1.173340952657648,1.199815371473994,1.3495032348942761,1.499191098314558,1.86027370041879
10.0,100.0,300.0,1000.

1.4210526315789473,7.105263157894736,0,0
1.4210526315789473,8.999999999999998,0,0
0.47368421052631576,6.157894736842106,9.947368421052634,0
0.47368421052631576,7.578947368421052,0,0
1.4210526315789476,7.5789473684210495,19.42105263157895,0
0.47368421052631604,5.210526315789473,21.315789473684212,41.68421052631579
0.0,5.210526315789475,23.210526315789473,41.684210526315795
