1.1415315888933508,1.1468665338413018,1.173340952657648,1.199815371473994,1.3495032348942761,1.499191098314558,1.86027370041879
10.0,100.0,300.0,1000.

3.789473684210526,37.89473684210526,50.68421052631579,0
3.789473684210526,37.89473684210526,63.94736842105263,0
3.31578947368421,40.73684210526316,52.57894736842105,0
3.789473684210526,41.210526315789465,66.78947368421052,0
2.8421052631578947,38.84210526315789,68.68421052631578,0
2.8421052631578947,31.263157894736842,75.78947368421052,0
2.3684210526315788,24.631578947368418,81.94736842105263,172.42105263157893
