1.1415315888933508,1.1468665338413018,1.173340952657648,1.199815371473994,1.3495032348942761,1.499191098314558,1.86027370041879
10.0,100.0,300.0,1000.

1.894736842105263,9.473684210526315,0,0
0.9473684210526315,10.894736842105264,0,0
1.4210526315789473,9.473684210526317,0,0
0.9473684210526315,11.36842105263158,0,0
1.4210526315789473,12.31578947368421,0,0
1.4210526315789473,18.94736842105263,44.05263157894736,134.05263157894734
0.9473684210526314,15.631578947368418,53.52631578947367,147.31578947368422
