1.1415315888933508,1.1468665338413018,1.173340952657648,1.199815371473994,1.3495032348942761,1.499191098314558,1.86027370041879
10.0,100.0,300.0,1000.

3.789473684210526,40.26315789473684,41.68421052631579,0
3.789473684210526,40.26315789473684,108.4736842105263,0
2.8421052631578947,40.26315789473684,100.42105263157895,0
3.789473684210526,39.78947368421053,104.21052631578947,0
3.789473684210526,39.31578947368421,110.84210526315789,0
3.789473684210526,39.78947368421052,102.78947368421052,0
2.3684210526315788,27.94736842105263,86.21052631578947,256.7368421052631
