bid
0.8037696822722653
1.0170258597435562
1.2822578128313982
1.0553292301343398
0.7585746775888211
0.5617142519741686
0.41432955885149014
0.39439490044117825
0.31532485687081596
0.30204262073694443
0.37617141230884055
0.4703338936775842
0.5909665930494926
0.7471361494079876
0.9367301662808986
0.6907067226589968
0.5175732653721461
0.38324175688722323
0.2871318934217562
0.3573134331507938
0.4463146614121797
0.5600863604074388
0.7069852472138871
0.5282545336345956
0.39078488754822704
0.33687008505730115
0.4203197676735251
0.526755981850561
0.6637844118172933
0.6413732241680811
0.476638286608407
0.40059389225612363
0.5015124308639994
0.4188353236603476
0.3128158197256719
0.3013479582986755
0.37529251893955107
0.4692132227196
0.5895241331025627
0.4337905832322994
0.3235647048156184
0.24369638173719904
0.30255668974978595
0.3768218192297724
0.4711632272194095
0.5920344420809132
0.747375765771221
0.5545035971911398
0.4092668151529265
0.305928843793063
0.26870815144158516
0.33405446903870006
0.4167440595570041
0.522176500886121
0.6578585286787824
0.49101114321873923
0.36441601544031943
0.30377181503403444
0.37835921864235417
