bid
0.8585688772766814
0.9
0.6616417322834627
0.49432615730812285
0.3667708897657008
0.31473263282738895
0.3151770748741977
0.33160505124540907
0.3820666292312261
0.4778523775332917
0.5991126750046363
0.4894972046950171
0.36334020607800466
0.2726936110399679
0.3390818425170749
0.42312914312621763
0.3927602224921359
0.33835075503499756
0.25450099856598246
0.25450099856598235
0.3161519105282928
0.39403586098523496
0.4931320560043782
0.41270034514642895
0.3532557679669025
0.3085897513659696
0.3844575017665356
0.48090269509828026
0.6034403327003618
0.44402459306539255
0.33090294417041693
0.2916151836341681
0.35690740685160127
0.4457977789832152
0.3321729470466449
0.2499904108666645
0.229153332255329
0.2842756633594693
0.353704218337627
0.44172094520452726
0.3292522955440097
0.24785629520021327
0.3077891872177826
0.3834440413606846
0.4796096986073023
0.40277665366078685
0.3012499703009327
0.2689144656087803
0.33431462130190914
0.41707432264946737
0.514061833278227
0.380758734114091
0.28533370645171235
0.3550408735262425
0.44342164829545405
0.33047091691209796
0.29128603926333196
0.2613691918443767
0.3248030586839705
