bid
0.8224619340907888
1.042629547398339
0.9782149129688177
0.6975204769102655
0.5220551114249594
0.5910123719477305
0.734855253794208
0.6187531690847993
0.4571129434798551
0.34026647328974013
0.42463405546884814
0.5322811770015611
0.4412605158212676
0.3744892847972355
0.3275828853889452
0.40853017642784145
0.511662380737044
0.42625005966527996
0.3181485100606768
0.2818774870336647
0.3506750792734015
0.4378669099477887
0.5492445780715992
0.4055696926765565
0.30326439907239855
0.2704635258772267
0.33626823915061316
0.41955530887954595
0.525776937199838
0.3890367517625952
0.29132571728961576
0.3626145987460318
0.4530631056883898
0.38322277191295695
0.2871181448355674
0.21694023214408156
0.26894501912612884
0.33435314784148173
0.417123232101722
0.35655144073993816
0.26775825590124275
0.20265981231999117
0.25104660166104154
0.3118035595190897
0.38852723537782496
0.33517662639548823
0.25276277468491726
0.31396384828805135
0.3912635519171894
0.3372289236021242
0.25368228504959667
0.31512131852386377
0.39272974961315665
0.49146385869249015
0.364737616190104
0.27370952190270925
0.20705546015985155
0.2565527430345512
0.3187357267284707
