bid
0.8264795823315096
1.0481462495769684
0.7522622708289886
0.5576547007489384
0.4114799797296945
0.30752280126093473
0.27373478398874057
0.24823442734490608
0.18820395152899005
0.18820395152899
0.2329584286408391
0.28905669821911134
0.21836736095542536
0.16599940772797922
0.20522335819881282
0.25425709096840277
0.3158448806327423
0.29212711908519223
0.22062624689500165
0.16768300916607676
0.20732438794465538
0.25688971498097607
0.3028116589767715
0.27011544071707944
0.20440180381337533
0.15557551070847847
0.15342763833172154
0.18954896724941503
0.23463985674973403
0.17811004672647923
0.13587519066549872
0.16770318512846547
0.20734956635156665
0.25692126404997967
0.19464264849579266
0.1482743852867097
0.14827438528670944
0.18313059622651623
0.2266175273235288
0.17214416738873156
0.13139512219736432
0.1313951221973642
0.16213467226965447
0.200402492051099
0.24821978000603248
0.18819308421329628
0.1434413251816482
0.143441325181648
0.17711452606549902
0.21910109785982199
0.20555499440809286
0.15643735368694983
0.15643735368694953
0.19329935603899046
0.23933065898460504
0.22078325262144058
0.16779994882889254
0.1837944491437089
0.22744693672867017
