bid
0.8142360599994438
0.9
0.6503370541719309
0.48444399624918244
0.359746708751877
0.270081103966918
0.2449811776633569
0.18579022335593004
0.14163944456172672
0.14186278009573547
0.17515037685562376
0.21664709829393816
0.26857729170724776
0.33388946131949804
0.29451224530786446
0.22238042383764706
0.1689895334151479
0.20895485587375245
0.25893273110661624
0.32173333920530095
0.4011107344034028
0.4107988943173807
0.30703242490160637
0.2315788147837558
0.1758346141600469
0.21750197972042007
0.2696497153520904
0.3352417379023066
0.29539933031027865
0.22303256191109933
0.22303256191109896
0.27658987682432434
0.3439987589199969
0.3015737744501261
0.2275693256155021
0.17285238215393914
0.19277956101401464
0.2386804771405404
0.29624994267055044
0.2236575628485758
0.16994074689406866
0.12973957383292734
0.13086824709637673
0.1614798693534552
0.19958581768618114
0.2471973638987466
0.24719736389874652
0.2520789109314602
0.31310301055687956
0.2780145251047616
0.21023184476945317
0.1599306889868475
0.1976537257152164
0.24477921005608333
0.30391818680584826
0.271053004458644
0.20509405264764305
0.1845893740555161
0.22844010803107065
