bid
0.8520455496245841
0.9
0.6503370541719309
0.48444399624918244
0.359746708751877
0.270081103966918
0.24018917980719265
0.2981469417600975
0.37124248738715193
0.2784333447076589
0.26001344721702363
0.3230945286327893
0.2433522462874781
0.22394512180537204
0.17015491981566477
0.1676028666393046
0.2072243748290697
0.2567643964891691
0.3190023045390655
0.2837791206805919
0.2839081093696062
0.2754819255876771
0.3426001126669266
0.2921157206691437
0.2206178636725222
0.2060053063675608
0.2552368822392877
0.31707840393534337
0.39521005023355515
0.29578819063991546
0.22331828379969376
0.20814597368421414
0.20876219507375116
0.25869132180985516
0.3118016909427587
0.23507851331486143
0.17843606454040978
0.17215189976065876
0.16703652454643286
0.2065176141795586
0.1571564162272937
0.12011718329159424
0.14812921870858867
0.18294986186802492
0.22639172040464073
0.2808072926543658
0.21229125835218318
0.17475373919274922
0.21615171790139162
0.2679558531334057
0.2402693516475035
0.22152146164960937
0.221521461649609
0.2746931495489763
0.34160459981262997
0.25687452638902947
0.19460803938312415
0.17702696025030648
0.177026960250306
