bid
0.8718717397199222
0.9
0.6503370541719309
0.48444399624918244
0.3714130517939306
0.322306284474795
0.40183726463287267
0.34514536049743
0.25945595246943365
0.19651956041225024
0.18676641458030208
0.2311613460321305
0.28679840790210814
0.35689197059035066
0.2680058129490599
0.20284277017295332
0.25127571909503693
0.3120919676295054
0.2773930018126586
0.2097733978296528
0.25995838855886333
0.3230251718738082
0.4027488617930381
0.3012299218588538
0.22731666526335417
0.172664382890391
0.167454539301667
0.20703927117842336
0.2565324579241628
0.2565324579241627
0.1943547382305015
0.18502546239349507
0.22898497154303357
0.2840642142762856
0.214691293173685
0.16325856492949223
0.20149303012124678
0.2495854481144223
0.3099645852579271
0.23373121166323974
0.17743460817279394
0.13536820785935938
0.16707273279928966
0.20656279985258696
0.25593543056078744
0.23419252409051175
0.17777752386541937
0.17777752386541892
0.21992944783223234
0.2726949213345694
0.2063063470005943
0.15699860317206585
0.15699860317206554
0.1939989390615351
0.24020572907935434
0.29816774968257603
0.22506668477053804
0.1709902056842736
0.21145229827085799
