bid
0.8649331543558464
1.1010982243820089
1.2
1.2
0.8899150908921953
0.6441557440374004
0.5427008137648374
0.5745053616340429
0.7248928629954274
0.9098415525815022
1.140723855369954
0.8351217296312161
0.6102259297229792
0.5017083466565426
0.41897859090316736
0.5250383144644893
0.6615610463142331
0.8288669435405881
1.0392010485140295
1.2
0.8899150908921953
0.6441557440374004
0.479058515130379
0.40237181866875754
0.5037857067603386
0.6340893900737812
0.7978484194241362
1.0089316906585684
0.8241849528863379
0.603374804556171
0.4439688004481128
0.5570746335945805
0.7030766296811063
0.880455626923884
0.7192343011062597
0.536258804080853
0.39642734171645216
0.4961874915816893
0.6242826680803254
0.7827012626019167
0.9863435982909458
0.7023569264086689
0.5252266529720453
0.6618048318555889
0.8291403585781112
0.6064787268121301
0.44661564970115397
0.5604728727622292
0.70748710221779
0.8863912854812044
0.7163393103560697
0.534369503613991
0.4923958067690958
0.6193919654929182
0.7811234879234523
0.6432011249108265
0.541480215310996
0.44793647008026
0.5621690069721489
