bid
0.8953478611515172
1.1432069395507103
0.8373915011603779
0.6116457266350119
0.4510290315869158
0.39365286916942355
0.4434622617671967
0.3761203822073187
0.281971939046908
0.21314949704432867
0.2641909886137508
0.32835916353512057
0.40951510261990093
0.5129224297785652
0.4271693423973705
0.3188091396309066
0.28238286957930814
0.2570525800850306
0.23467780257028054
0.29121735159215417
0.3624775679373322
0.45288866644083253
0.3830938670241922
0.2870247940920972
0.21687150838543406
0.2688588072435725
0.3342444387507735
0.41698522590908416
0.3572277027236689
0.2682498812876135
0.2030231493399839
0.2515016073920266
0.31237631125421655
0.2774576134341803
0.20982105665016731
0.15962400673030053
0.1972714510537236
0.24430076732561837
0.3033166148348523
0.22884994001664244
0.17380525565401744
0.173805255654017
0.2149673679816439
0.26647015238560434
0.3312324753088707
0.24930337881029646
0.18899703678800345
0.16387231582400696
0.20256969941344505
0.25093375365902104
0.1902059983364818
0.1449506252684005
0.14495062526840027
0.17899252220672343
0.22144747204500637
0.2746002783628465
0.20771313019335222
0.15804944294493195
0.15547001218175244
