bid
0.832377351015605
1.056247386347701
0.7593828256646671
0.5622332888194941
0.41469369438785036
0.3218254469023321
0.40122753253598464
0.3446895036814659
0.25912369578193417
0.1962735295971802
0.22391496894666132
0.2776974758047955
0.3453969679101213
0.4311547119858284
0.5405649631212452
0.4472723783175814
0.3332285465866004
0.2507615383311118
0.19007834834281626
0.18274800878683567
0.22613952820547836
0.280490560645054
0.348923267134802
0.3053085016777911
0.23031331615652958
0.21367837342997734
0.2648540682064905
0.32919480088779995
0.2903133266733126
0.219292241871744
0.16668892605687957
0.20608383288206794
0.2553352771421639
0.31720233168712203
0.23903755314656516
0.181376185394607
0.17480625194540664
0.21621728948111743
0.2680381104782891
0.2435222288380756
0.18470673897662565
0.14454265181413317
0.17848488719377026
0.22081322997531902
0.2738041836590719
0.20712535176017102
0.15761038493000454
0.1947615104847787
0.24115959016135788
0.29936707180505
0.22594788298789548
0.17164589525505736
0.1716458952550569
0.21227103581681073
0.2630896192852026
0.239387939625935
0.1816363907412008
0.13852208927213083
0.17099471634151858
