bid
0.8930913074014771
1.1400774929298192
1.0933065654796084
0.8931098393509287
0.6461164838994717
0.48076559812954084
0.6027651573744155
0.7617309597875498
0.6993684026548859
0.5939664451842619
0.48580684437623234
0.6090856753130377
0.4488409885222336
0.562739326888765
0.7104299464525408
0.8903548312658737
1.1162921641544745
0.8129355573714223
0.5963028476148758
0.43851822629507947
0.5500800676391068
0.6940026725924431
0.8682626022628493
0.7112757967022673
0.5310586518785847
0.4403725258120152
0.5524589719705897
0.6970882913922629
0.8724056373659073
0.8575967526469067
0.6242211340798197
0.4618149008040797
0.3896827962518721
0.48757248141643666
0.6035592057077989
0.5610593549813623
0.41387010453675577
0.5184965689378709
0.6500707770894196
0.5517615737534259
0.40733944141111406
0.39197741038376877
0.490502959234159
0.6169509102180554
0.509488800196458
0.4246637859894224
0.4203314751403905
0.5267709750649622
0.6638038193311361
0.8313816298144937
0.6078828652312597
0.4478139485749285
0.33361622713360745
0.4161877128905288
0.5214639824869338
0.6537912044699451
0.5552816848854416
0.44542547762820084
0.5589445254190186
