bid
0.8808598658451359
0.9
0.6954230738235312
0.5206769250521748
0.395693841963151
0.49525014770627196
0.6217356228551398
0.6628559914934856
0.7299068307930339
0.5513735790843705
0.40706671189792426
0.3490525203593549
0.43580315899547817
0.5465972852528691
0.4941572944846434
0.3666509381316899
0.45820250288007236
0.5753600891749017
0.47243075135444046
0.35119498408485283
0.43852839041017533
0.5500931059004714
0.6896852828877665
0.5968369648129515
0.43889042259745636
0.32722333322692476
0.3876573178586209
0.4849869090607006
0.6080576723913932
0.5887086228089001
0.4332212294794826
0.3231559529763242
0.4029147013375224
0.5044798479162985
0.42100497352941735
0.3143764514458737
0.25132640068541906
0.31215576456718036
0.38897335160421986
0.48666685421676437
0.4583329316664307
0.3411381015509926
0.42574180159089947
0.5337003489971271
0.4422912010105166
0.37525289513587823
0.370057480875109
0.4625414715945558
0.5809397704718672
0.7283596279265796
0.5421963028596437
0.40060871720364777
0.29968604832049983
0.37318984818059703
0.4665333486628329
0.5849213180419668
0.7333515369920826
0.5454333336768059
0.40288813701617543
