bid
0.8812518564659284
0.9
0.6503370541719309
0.48444399624918244
0.359746708751877
0.30678556754686037
0.23139760280331473
0.21453414405613297
0.16314129348894188
0.1246246276010205
0.15372447668187542
0.18991875300147523
0.23510213374257954
0.2917506613510296
0.26160149965771
0.19810718172345937
0.18830467534386053
0.2330843450291845
0.28921493070758764
0.3599460135129763
0.31364890541905455
0.2364331813221509
0.1794420972958926
0.16615417511923525
0.20541649783173482
0.2544990971911046
0.23268223121143497
0.17665484667845355
0.13478291829268668
0.10322077618941917
0.10322077618941881
0.12716987897823398
0.15688558321012094
0.1938580625041076
0.22809205104777833
0.17324133018181775
0.13221945180508754
0.13221945180508743
0.16315915469032038
0.2016802360647468
0.15354058766535772
0.11739150171913276
0.14474569136625326
0.17873752608454485
0.221128878320303
0.1680573743815111
0.12832317494939688
0.12832317494939682
0.15831806223749686
0.19564361500664476
0.14902380318683048
0.14799756359613692
0.18278594952440197
0.22618693077944724
0.2805500942327256
0.21210172532678334
0.16132610371325912
0.12325816700500963
0.15202823285135408
