bid
0.8553159204256565
1.0878247390090514
0.7873696003043658
0.580119665899138
0.42722130112804907
0.3188464788056316
0.3974508321044209
0.4974954240815207
0.36902053888082875
0.27682041225298354
0.2500594547720767
0.31056096351395296
0.27606601228041044
0.24966903567266752
0.23031479501638283
0.2857346016325011
0.35554752552821556
0.4440666227543899
0.3309330595217676
0.24908464867602595
0.309334542137387
0.38540036059732113
0.4821058888105463
0.3580825914445163
0.2688713587220581
0.20348245187751984
0.2520767912332291
0.3131003423155746
0.27801248044168403
0.21023033659237572
0.15992956348991155
0.19765232280023878
0.24477745421147057
0.22506469266942197
0.17098872338005758
0.13052699939089968
0.16105576549292897
0.1990568734647344
0.24653535013285977
0.22697656298353125
0.17241131942856014
0.13159584153325696
0.1623841274401679
0.2007136145250661
0.24860939451266997
0.2284024911070682
0.17347232089323678
0.17347232089323633
0.21455164065629248
0.265948931101529
0.24161492423276207
0.18329026788031766
0.139763516854943
0.1725384914509658
0.21338559330935922
0.26448699451796376
0.2002417882458951
0.15246504353866494
0.18834981876145057
