bid
0.8155253350445381
1.0331165656336554
0.739116139550094
0.5491618639260399
0.41305423714115164
0.4461707294128289
0.45809394256839414
0.3409673554429582
0.2564099097520111
0.25640990975201094
0.2976138576185891
0.37056800404440027
0.3221500099639141
0.24266092131987743
0.22340185405143564
0.27705341256898913
0.34458391551824574
0.4301211172652455
0.3209302595414052
0.24176813575802586
0.3001322194861423
0.37375436255095695
0.46725277205035687
0.3475043803174471
0.2611742485063757
0.19779110954664414
0.18778797480412937
0.18090228289753388
0.2238335134791758
0.2775952325937499
0.20992256720333002
0.2601453025400454
0.3232606942553901
0.2857851639131883
0.21595890153077701
0.16420383147153328
0.18086709809781132
0.2237895543924056
0.2775400549946626
0.2506172088479918
0.1899713678574304
0.18997136785743032
0.23516790873026322
0.29183336387291103
0.26166525809565233
0.19815434889901729
0.1509029228559747
0.1864038198530053
0.23070806322288698
0.2862287960626318
0.25782627304517525
0.23528207866866935
0.23528207866866888
0.29197691609123866
0.3615005620265744
0.2713561749430171
0.20531789701245529
0.23039375402975001
0.2858338241957934
