bid
1.25
1.25
0.3816312490056616
0.16
0.21379974299061402
0.16
0.16
0.16
0.16
0.20258803114602486
0.29479685829131475
0.26
0.26
0.26
0.26
0.26
0.2813365331039826
0.26
0.26
0.26
0.3474245823597478
0.26
0.26
0.26
0.26
0.26
0.26
0.3321646905209941
0.26
0.26
0.26
0.3474245823597478
0.28214688204856214
0.26
0.26
0.26
0.26
0.26
0.26
0.26
0.26
0.3321646905209941
0.42435916011118385
0.47945493619140583
0.5417039560971803
0.26
0.26
0.26
0.2783000102003498
0.27819129737881326
0.297771695762201
0.26
0.26
0.26
0.26
0.2783000102003498
0.35554398753918726
0.26
0.26
