bid
0.75
0.75
0.7320246122776807
0.7144800439737182
0.5925362212836937
0.16380171683100378
0.16
0.16
0.16
0.20681991531887153
0.2537543219049707
0.2820436348216846
0.19
0.19
0.19
0.19
0.19
0.19
0.19
0.19
0.19
0.19
0.19
0.19
0.19
0.19
0.2111817848611403
0.20224962341875796
0.19
0.19
0.22410115445132583
0.2643227759285105
0.27087320154426814
0.29901723659576124
0.19
0.19
0.19
0.19
0.21835649400253782
0.19
0.2253004426226809
0.22156229957568657
0.2627267587521116
0.31153923702985814
0.3694206736692597
0.19
0.19
0.19
0.19
0.23817769074186282
0.21739602991344012
0.19
0.19
0.19
0.19
0.24622424706501134
0.23580992687513394
0.19
0.19
