bid
0.33
0.33
0.3959874200449105
0.4751698085873466
0.7094275914423367
0.26861218879322873
0.16
0.16
0.19451864268625904
0.2916322005881681
0.44717346126744484
0.4568278534024796
0.23412774592658075
0.19
0.19
0.19
0.19
0.19
0.19
0.19
0.19
0.19
0.19
0.19
0.19
0.19
0.1941020647791966
0.19
0.19
0.19
0.238696554146704
0.29987392085005465
0.34103136723500377
0.3597630071369933
0.19
0.19
0.19
0.19
0.19
0.2158204014885504
0.19
0.19
0.238696554146704
0.29987392085005465
0.30737532586014643
0.19
0.19
0.19
0.23099088818993263
0.2373350998272653
0.2406085347978711
0.19
0.19
0.19
0.19
0.20260365596391922
0.23013685459569042
0.19
0.19
