bid
0.33
0.33
0.5060046247315662
0.7758808492416154
1.1583885848305797
0.6650560841819391
0.3818231644367447
0.19568727293291613
0.19838628189950933
0.29743076117477735
0.4560646687632342
0.4659110204199164
0.2646134302235962
0.19
0.19
0.19
0.19
0.19
0.19
0.19
0.19
0.19
0.19
0.19
0.19
0.238696554146704
0.3021687681434208
0.19
0.19
0.19
0.2836696270219079
0.20496736668664947
0.21059683702288912
0.22216417215570805
0.19
0.19
0.19
0.19
0.19
0.19
0.19
0.19
0.238696554146704
0.29987392085005465
0.3767309030808921
0.19
0.19
0.19
0.23099088818993263
0.29809105408537967
0.3624016702350268
0.20582545781643347
0.19
0.19
0.19
0.24312438715670304
0.19
0.19
0.19
