bid
0.5
0.5
0.6655831778407576
0.7948883971202987
0.8577976174351903
0.6200055289494371
0.44813234277479735
0.1943427152797594
0.16309702389203823
0.18314117790217938
0.24379137436326415
0.3154173263042674
0.19
0.19
0.19
0.19
0.19775470259263384
0.19
0.19
0.19
0.19
0.19
0.19
0.19
0.19
0.19
0.20696047155005218
0.19
0.19
0.19
0.19
0.19
0.2731218852318142
0.2817656554589851
0.19
0.19
0.19
0.19
0.2398393198096287
0.25882073237614556
0.2244869164730366
0.2500948714366334
0.23027449225386393
0.21202490670109617
0.23426595254179766
0.19
0.19
0.19
0.19
0.19640473168041986
0.2530295466701728
0.19
0.19
0.19
0.20993067123802886
0.19
0.19
0.19
0.19
