bid
0.33
0.33
0.5060046247315662
0.7758808492416154
0.5345400873029367
0.18263723751445982
0.16
0.16
0.19451864268625904
0.22849854293258218
0.3503676347524573
0.5304565414329794
0.3654559669118716
0.20981622011656886
0.19
0.19
0.19
0.19
0.19
0.19
0.19
0.19
0.19
0.19
0.19
0.238696554146704
0.19
0.19
0.19
0.19
0.2836696270219079
0.3563734867695271
0.36616135693062635
0.46352795733049995
0.19160746783812302
0.19
0.19
0.19
0.19
0.19
0.19
0.2836696270219079
0.42351819628814913
0.2917812107871097
0.2990801750659791
0.19
0.19
0.19
0.20260365596391922
0.2614576611272084
0.22088650464147397
0.19
0.19
0.19
0.19
0.19
0.19
0.19
0.19
