bid
0.33
0.33
0.3959874200449105
0.43987052373286273
0.6567258284485918
0.37704058341790264
0.21646720044488182
0.16
0.19451864268625904
0.2916322005881681
0.44717346126744484
0.6770205468668208
0.24459283875557564
0.19
0.19
0.19
0.238696554146704
0.19
0.19
0.19
0.19
0.19
0.19
0.19
0.19
0.238696554146704
0.36138654374879436
0.4540090668832858
0.23268309641786167
0.19
0.238696554146704
0.3563734867695271
0.45989583897292613
0.5821875377862592
0.33065249512279227
0.19
0.19
0.19
0.19
0.19
0.238696554146704
0.3563734867695271
0.5320649161705715
0.32037252254425214
0.3181122593452541
0.19
0.19
0.19
0.23099088818993263
0.2373350998272653
0.20050711233155924
0.19
0.19
0.19
0.238696554146704
0.30543659707018
0.19
0.19
0.19
