bid
0.5
0.5
0.488743074230748
0.5836929354784189
0.5062632581620884
0.17074408067248606
0.16
0.16
0.183746059007773
0.20632791990025784
0.21243546999836932
0.27484905130086046
0.23838900174504044
0.19
0.19
0.19
0.2398393198096287
0.19
0.19
0.19
0.21167391988596268
0.19
0.19
0.19
0.19
0.21167391988596268
0.23056912776024632
0.2122961919187515
0.19
0.19
0.21167391988596268
0.2358202545257313
0.3389877499574421
0.26624079721301447
0.19
0.19
0.19
0.19
0.19
0.20993067123802886
0.19
0.2398393198096287
0.2649980494574085
0.1915373189257233
0.1993547659976151
0.19
0.19
0.19
0.19
0.22574353425931945
0.2908269248334645
0.19
0.19
0.19
0.19
0.2123920092992083
0.1955596363060371
0.19
0.19
