bid
1.25
1.25
0.3816312490056616
0.16
0.17165791717508033
0.16
0.16
0.16
0.16
0.20258803114602486
0.29479685829131475
0.3800943561474821
0.26
0.26
0.26
0.26
0.3474245823597478
0.26
0.26
0.26
0.3321646905209941
0.2995194309318391
0.26
0.26
0.26
0.26
0.26
0.3474245823597478
0.3132795753724055
0.26
0.26
0.3474245823597478
0.3344230126999968
0.26
0.26
0.26
0.26
0.26
0.26
0.26
0.26
0.3321646905209941
0.42435916011118385
0.5421428041849246
0.5295333378586643
0.26
0.26
0.26
0.26
0.27949461547898036
0.26
0.26
0.26
0.26
0.26
0.2783000102003498
0.35554398753918726
0.26
0.26
