bid
0.5
0.5
0.5864916890768975
0.6038525357082928
0.7622504285768236
0.5509452003081777
0.23892983384162889
0.16
0.17556419621693153
0.1686806695368332
0.17367381656355269
0.19
0.19
0.19
0.19
0.19
0.2398393198096287
0.19
0.19
0.19
0.2398393198096287
0.20802347964461718
0.19
0.19
0.19
0.21167391988596268
0.23056912776024632
0.19998302318978292
0.19
0.19
0.2398393198096287
0.26719857350993226
0.216579352762728
0.22343366309981974
0.19
0.19
0.19
0.19
0.21167391988596268
0.19
0.21167391988596268
0.2358202545257313
0.26272104033666827
0.2926904865504247
0.32607864527083175
0.19
0.19
0.19
0.20848248300760622
0.299690151562353
0.2515070952837732
0.19
0.19
0.19
0.19
0.19
0.19
0.19
0.19
