bid
0.5
0.5
0.5583473788123291
0.6235035908531971
0.49199924324481953
0.3725170615803285
0.2820511679108226
0.21355494693953633
0.184126023826819
0.16
0.16
0.161
0.161
0.161
0.161
0.161
0.161
0.161
0.161
0.161
0.161
0.161
0.161
0.161
0.161
0.161
0.20779240334719482
0.161
0.161
0.161
0.161
0.161
0.23835148945088827
0.30762502381604734
0.23291818333856582
0.17635392419239124
0.161
0.161
0.161
0.161
0.161
0.161
0.161
0.161
0.161
0.161
0.161
0.161
0.161
0.18397199636830341
0.161
0.161
0.161
0.161
0.161
0.161
0.161
0.161
0.161
