bid
0.5
0.5
0.488743074230748
0.47773958521704485
0.37185134971896616
0.16
0.16
0.16
0.183746059007773
0.20632791990025784
0.2746567852089738
0.25885835035577986
0.19
0.19
0.19
0.19
0.19
0.19
0.19
0.19
0.19
0.19
0.19
0.19
0.19
0.19
0.19
0.20503701891124784
0.19
0.19
0.20993067123802886
0.19
0.19
0.24600001329089463
0.19
0.19
0.19
0.19
0.19
0.19
0.19
0.20503701891124784
0.19
0.19
0.20503701891124784
0.19
0.19
0.19
0.2123920092992083
0.19
0.19
0.19
0.19
0.19
0.20503701891124784
0.19
0.20503701891124784
0.19
0.19
