bid
0.75
0.75
0.9202002676352632
1.1290247100746797
1.331661794377943
0.3553234384789184
0.16
0.16
0.17732304491758732
0.26119577354997614
0.3204698943011835
0.5197347453645884
0.3598966833138996
0.19
0.19
0.19
0.22410115445132583
0.19
0.19
0.19
0.19
0.19
0.19
0.19
0.19
0.2631356492499759
0.4267506623594154
0.5033437689348049
0.2968418939583452
0.19
0.2631356492499759
0.36442299950634915
0.4105814267311321
0.22142563091255657
0.19
0.19
0.19
0.19
0.2631356492499759
0.36442299950634915
0.3583765608668525
0.4963244685245933
0.5854046651515898
0.6727732118696358
0.6443175429942115
0.3820132305951423
0.19
0.19
0.21057111583963492
0.23724240590445364
0.26292841124094946
0.19
0.19
0.19
0.2631356492499759
0.29162509094607486
0.40387872444041406
0.23818339054059393
0.19
