bid
0.75
0.75
0.9202002676352632
0.9260025008987169
0.7679571002853078
0.20491175659593205
0.16
0.16
0.16
0.16
0.19630939042885612
0.31837253003032656
0.19
0.19
0.19
0.19
0.19
0.19
0.19
0.19
0.19
0.19
0.19
0.19
0.19
0.22410115445132583
0.19
0.19
0.19
0.19
0.2631356492499759
0.21564145957539874
0.24295496786642415
0.19
0.19
0.19
0.19
0.19
0.21835649400253782
0.19
0.22410115445132583
0.31036317249588813
0.4298295520946725
0.49397933691617824
0.40966945425183027
0.19
0.19
0.19
0.21057111583963492
0.24376210007265542
0.22249318411854008
0.19
0.19
0.19
0.19
0.20810637077670024
0.19930428729119498
0.19
0.19
