bid
1.5
1.5
1.652919379877442
2.1588526942879565
2.3019191899335176
1.9640155097828897
1.6757134392624573
1.4297318511681318
1.5106844155758568
0.8227139204552372
1.0745340549728983
1.1522116093242758
1.2285683138017558
1.3099851533025935
1.1176896087068622
0.9536215416349371
0.813637379810965
0.8675568755522826
1.0066874116023008
1.0734002728222947
0.9158335328396384
0.7813963542865536
0.6666934989802664
0.7108750695066629
0.8248784648714844
0.8795429038185694
0.8843180514040402
0.942921533237346
0.8045080487121251
0.686412577959097
0.7964929111500809
0.9242268831940523
1.1125905342814295
1.1186309263763756
0.9544246812545387
0.8143226248344726
0.6947864512951076
0.5927972503543951
0.5057792640784701
0.4415964262748183
0.38555832069152646
0.44540786072920896
0.38888608826441473
0.33953686717159604
0.3
0.3
0.34656847238856475
0.3025893106653123
0.3026009201513393
0.3
0.3858571863597889
0.33689232962010746
0.3891875334528849
0.44960042980479925
0.39254662489013875
0.4664613784562347
0.5388693578661381
0.3920728526640651
0.4549497748567288
