bid
0.75
0.75
0.9202002676352632
0.7273428211737006
0.8624771555203379
0.27533258455658266
0.16
0.16
0.17732304491758732
0.26119577354997614
0.3204698943011835
0.5197347453645884
0.3598966833138996
0.29493778705912643
0.24170352845253637
0.19807769037981707
0.19
0.19
0.19
0.19
0.2631356492499759
0.21564145957539874
0.19
0.19
0.19
0.2631356492499759
0.4267506623594154
0.5910174347779054
0.2830098573519232
0.19
0.2631356492499759
0.36442299950634915
0.4105814267311321
0.45635430804165256
0.21852615510291534
0.19
0.19
0.19
0.2631356492499759
0.31036317249588813
0.2543447370442935
0.35224825008139243
0.48783722095965826
0.5606443432246965
0.6443175429942115
0.3820132305951423
0.19
0.19
0.21057111583963492
0.23724240590445364
0.26292841124094946
0.19
0.19
0.19
0.2631356492499759
0.29162509094607486
0.2389887513898908
0.19
0.19
