bid
0.45272842210170744
0.2982681369140661
0.16596579213335477
0.6025245899884152
0.48853345134195814
0.2922991466250612
0.261076283235566
0.25698784032136246
0.2508156432830765
0.2541450544770996
0.2587242446478582
0.25698784032136246
0.25246937279922865
0.24918343736149465
0.2454563346659168
0.24337619623654455
0.2454563346659168
0.24972514048619354
0.2541450544770996
0.25698784032136246
0.2598949425874412
0.2604842735230137
0.261076283235566
0.2598949425874412
0.2575640462413656
0.2547085690103083
0.2530254727393151
0.2530254727393151
0.2541450544770996
0.2541450544770996
0.2530254727393151
0.25081564328307654
0.24918343736149465
0.24757233755096775
0.24864407927196763
0.24972514048619354
0.25081564328307654
0.2513644740123611
0.25191571189396716
0.25246937279922865
0.2530254727393151
0.2530254727393151
0.2530254727393151
0.2530254727393151
0.25246937279922865
0.25191571189396716
0.25191571189396716
0.25191571189396716
0.25246937279922865
0.25191571189396716
0.2513644740123611
0.25026920397309155
0.24972514048619354
0.24864407927196763
0.24918343736149465
0.24864407927196763
0.24864407927196763
0.24864407927196763
0.24864407927196763
