bid
0.6063327081719295
0.3994662547956242
0.24910770210246047
0.5918067661061218
0.4798433238698284
0.3867200318508516
0.3454113011758742
0.34000217565410434
0.33183618453577435
0.3362410896402315
0.34229948765176726
0.34000217565410434
0.33402411542282334
0.3296767299726348
0.3247456677721895
0.3219935858419166
0.3247456677721895
0.33039341851605364
0.3362410896402315
0.34000217565410434
0.3438483541117299
0.3446280555949765
0.3454113011758742
0.3438483541117299
0.3407645123708176
0.3369866352935358
0.3347598513598781
0.3347598513598781
0.3362410896402315
0.3362410896402315
0.3347598513598781
0.33183618453577435
0.3296767299726348
0.3275451993909152
0.3289631439770231
0.33039341851605364
0.33183618453577435
0.3325623031014982
0.3332916063977734
0.3340241154228234
0.3347598513598781
0.3347598513598781
0.3347598513598781
0.3347598513598781
0.3340241154228234
0.3332916063977734
0.3332916063977734
0.3332916063977734
0.3340241154228234
0.3332916063977734
0.3325623031014982
0.3311132298853696
0.33039341851605364
0.3289631439770231
0.3296767299726348
0.3289631439770231
0.3289631439770231
0.3289631439770231
0.3289631439770231
