bid
0.8981679166075772
0.634000882311231
0.5024531555288847
0.7752374365633247
0.6516393238488088
0.7339365282488468
0.372436205872212
0.4740644752843283
0.5672692779613413
0.621469721589326
0.882312828235852
0.8231608732971961
0.7800748129452408
0.7041297927785852
0.6437645982320529
0.6080423599081272
0.612104974164717
0.6629979380253782
0.7179621356215065
0.7638600005262258
0.7838013041017349
0.7828258754403599
0.7750785425572779
0.7745868690207376
0.7309494020601892
0.6989216936510405
0.679850672279277
0.6695664723891124
0.6739106121319692
0.713736316290681
0.4950918888187352
0.4586919872150755
0.45728171759987696
0.43790750344217627
0.430810008338206
0.4531493685997254
0.4561048463312273
0.48584809254940947
0.49283287290631717
0.5125209127964686
0.506712043425596
0.5258518936793465
0.4926838068193713
0.5343615336613792
0.5081802628000776
0.5198787041858589
0.5245997432237385
0.5344188562246004
0.521588812747935
0.5167712166942647
0.4977042273753437
0.5254935002238681
0.5070534424915591
0.5258095971074012
0.5193532123226912
0.5047563812296848
0.5311379425729467
0.5349575414645042
0.5304751541984671
