bid
0.7882325206235083
0.5193061312343114
2.132875235062277
2.016753378848264
1.7259615813951315
0.9815719335032327
0.7852622873709921
0.7729651150855404
0.7544004507494249
0.7644146160248597
0.778187852349632
0.7729651150855404
0.7593745196554649
0.7494911202673245
0.7382807829983689
0.7320241661932978
0.7382807829983689
0.7511204487896447
0.7644146160248597
0.7729651150855404
0.781709064351214
0.783481647263575
0.7852622873709921
0.781709064351214
0.7746982207247457
0.7661095486546264
0.7610471507560278
0.7610471507560278
0.7644146160248597
0.7644146160248597
0.5664777990824212
0.5584723173237051
0.5681870942107551
0.5717811913892846
0.5729119916079284
0.5778928569586061
0.5785781234744913
0.5837356574050088
0.5947444059656073
0.5919160796634151
0.7610471507560278
0.7610471507560278
0.7610471507560278
0.7610471507560278
0.7593745196554651
0.7577092246562206
0.7577092246562206
0.7577092246562206
0.7593745196554651
0.7577092246562206
0.7560512176000801
0.7527568767826505
0.7511204487896448
0.7478688451152308
0.7494911202673246
0.7478688451152308
0.7478688451152308
0.7478688451152308
0.7478688451152308
