bid
0.6604175857408657
0.4661771193464935
0.5033852506201364
0.4648433012564983
0.28256934511018494
0.15356519796129411
0.13723013923638933
0.13508112139599848
0.13183681498692426
0.13358686120356486
0.1348109886180404
0.13390621688234886
0.12385838417664867
0.12224634446936042
0.1204178735050751
0.11939738305164226
0.1204178735050751
0.1225120973921199
0.12468045309817512
0.1260750890388706
0.12750127782890305
0.1277903963727328
0.1280808290917617
0.12764915060634352
0.15984595953191227
0.15807383137745645
0.1570292906414821
0.1570292906414821
0.15772411051157714
0.1972846261846118
0.13840093001793952
0.16815457921307225
0.16982132345806958
0.17089553712063552
0.1712963370786102
0.16841037471607861
0.16619679446816527
0.1676782981265915
0.1708405654983515
0.17002812765104486
0.18671328385387675
0.18986670463725644
0.18557016666854045
0.20772829191903844
0.23225831554958665
0.29810010755179056
0.3702964191674793
0.3799038419439212
0.3509077430567042
0.3188074671101458
0.30110485261094644
0.28158054798366894
0.25295270504510586
0.24249741228837302
0.22782108754155694
0.22985128874786495
0.26007765659085363
0.27524353285415726
0.2315855268536068
