bid
0.6063327081719295
0.3994662547956242
-0.015113294433392039
-0.015113294433392039
1.1350933155063352
0.920345931491623
0.46056656500688875
0.41136968192660733
0.40492765111343904
0.3952023145146446
0.40044836293740543
0.4076636487560974
0.40492765111343904
0.39780804406089504
0.3926304990188877
0.3867578206147591
0.38348021196548143
0.3867578206147591
0.39348404358197225
0.40044836293740543
0.40492765111343904
0.4095082806509214
0.410436870856479
0.41136968192660733
0.4095082806509214
0.4058355606450836
0.40133627505034863
0.39868427323283534
0.39868427323283534
0.40044836293740543
0.40044836293740543
0.39868427323283534
0.39520231451464466
0.3926304990188877
0.3900919397579897
0.3917806494539118
0.39348404358197225
0.39520231451464466
0.39606708981992833
0.396935657999358
0.39780804406089504
0.39868427323283534
0.39868427323283534
0.39868427323283534
0.39868427323283534
0.39780804406089504
0.396935657999358
0.396935657999358
0.396935657999358
0.39780804406089504
0.396935657999358
0.39606708981992833
0.3943413072934798
0.39348404358197225
0.3917806494539118
0.3926304990188877
0.3917806494539118
0.3917806494539118
0.3917806494539118
0.3917806494539118
