bid
0.2695918930363605
0.17761348247101397
0.5585045952225471
0.5731215213287866
0.4646931254017189
0.3860860828323601
0.3448450694389034
0.3394448110807998
0.33129220644785484
0.3356898906042423
0.341738357101616
0.3394448110807998
0.33347655066619236
0.3291362918722723
0.32421331314768703
0.3214657426972829
0.32421331314768703
0.32985180555025545
0.3356898906042423
0.3394448110807998
0.34328468450931565
0.34406310783019844
0.3448450694389034
0.34328468450931565
0.34020589810116036
0.3364342140867351
0.33421108051347476
0.33421108051347476
0.3356898906042423
0.3356898906042423
0.3342110805134747
0.33129220644785484
0.3291362918722722
0.3270082555024084
0.32842387565609854
0.32985180555025545
0.33129220644785484
0.33201713468953503
0.33274524244104714
0.3334765506661923
0.3342110805134747
0.3342110805134747
0.3342110805134747
0.3342110805134747
0.3334765506661923
0.33274524244104714
0.33274524244104714
0.33274524244104714
0.3334765506661923
0.33274524244104714
0.33201713468953503
0.3305704369348965
0.32985180555025545
0.32842387565609854
0.3291362918722722
0.32842387565609854
0.32842387565609854
0.32842387565609854
0.32842387565609854
