bid
1.4551984996126308
1.0485989188385134
2.0888807718838653
2.042360554013106
1.5472601412066815
1.1014681927602707
0.8149416385956179
0.7026169110206376
0.6892152245019207
0.7274479911094237
0.8059433977023691
0.8095480564296608
0.7578185697727636
0.7276369913380312
0.6703763549992867
0.6699191038725971
0.6813372526027877
0.7502712095789937
0.7893224194109758
0.8251858580478217
0.8575290664025793
0.8693347534557112
0.8824042536673316
0.8588595203884679
0.8269446718953254
0.7758382852569002
0.7609542489207287
0.7701111364408461
0.7837538240362637
0.7889829573221295
0.5670623443315898
0.5647109120703533
0.560783233830594
0.5439111249472266
0.5390060045950117
0.5545977981264241
0.5769647470386798
0.6109442930827431
0.5952100507410856
0.6255319022704345
0.5845356490158611
0.5909090047266744
0.5952948422460493
0.6399447156051001
0.6107421921269348
0.626009270797499
0.6120753447303546
0.6188330071300674
0.6317446038454
0.639599740863151
0.6109045496252572
0.6109407043871264
0.6253281045442786
0.6251871593429926
0.5871839916126796
0.6071408069528225
0.6148831603721411
0.5968085079748864
0.9602904225587732
