bid
0.7882325206235083
0.5193061312343114
1.2577065672210341
1.1771848812801398
0.735856720259704
0.44598331043185624
0.4413338859879193
0.4344226170798312
0.4239888861019313
0.4296170571563817
0.43735790503307326
0.4344226170798312
0.42678441721908683
0.42122973933771046
0.41492929451855676
0.4114129445650096
0.41492929451855676
0.4221454561623577
0.4296170571563817
0.4344226170798312
0.43933690007847176
0.4403331288768357
0.4413338859879193
0.43933690007847176
0.43539665882216266
0.4305696448662628
0.42772447100150784
0.42772447100150784
0.4296170571563817
0.4296170571563817
0.31837241188792137
0.31387316312658303
0.3193330716234263
0.3213530296679277
0.32198856312317725
0.32478791398485785
0.3251730481486356
0.3280716904599715
0.3342588381942386
0.42678441721908683
0.42772447100150773
0.42772447100150773
0.42772447100150773
0.42772447100150773
0.42678441721908683
0.4258484864795713
0.4258484864795713
0.4258484864795713
0.42678441721908683
0.4258484864795713
0.4249166517170339
0.4230651630385283
0.4221454561623576
0.4203179866551613
0.42122973933771046
0.4203179866551613
0.4203179866551613
0.4203179866551613
0.4203179866551613
