bid
0.6063327081719295
0.3994662547956242
0.4069447040792064
0.972974522024114
0.788898261100633
0.589977934947757
0.526957564623792
0.518705432739303
0.5062474419966561
0.5129675407842222
0.5222101991767308
0.518705432739303
0.509585337218612
0.5029529900964609
0.4954301889625395
0.49123162803912807
0.4954301889625395
0.5040463661618879
0.5129675407842222
0.518705432739303
0.5245731412544535
0.5257626495112663
0.526957564623792
0.5245731412544535
0.5198684494046378
0.5141049410963824
0.5107077718820892
0.5107077718820892
0.5129675407842222
0.5129675407842222
0.5107077718820892
0.5062474419966561
0.5029529900964609
0.4997011388673889
0.5018643472607544
0.504046366161888
0.5062474419966561
0.507355204451791
0.5084678255141852
0.5095853372186121
0.5107077718820892
0.5107077718820892
0.5107077718820892
0.5107077718820892
0.5095853372186121
0.5084678255141852
0.5084678255141852
0.5084678255141852
0.5095853372186121
0.5084678255141852
0.507355204451791
0.5051445063931775
0.504046366161888
0.5018643472607544
0.5029529900964609
0.5018643472607544
0.5018643472607544
0.5018643472607544
0.5018643472607544
