bid
1.8917580494964206
1.3631785944900674
1.6848574155707137
1.877774746286622
1.380572352604555
0.896055785564919
0.6093738127763547
0.6526267135183075
0.7065495384760972
0.770515488460229
0.7858442328574239
0.956148451340286
1.0072953948854633
1.007935523255165
0.8670807972449143
0.8554422651526764
0.8708867313137858
0.942893891235662
0.9878709414727743
1.0150559620031505
1.0330735246614862
1.036056689301808
1.051014064703571
1.0778194660524418
1.0535908868333834
1.003276779340746
1.0013304853435976
1.003061543772645
1.0151139060699725
1.1373099385608814
0.7958036405722557
0.7785385388213433
0.7893290963925248
0.7785242573209104
0.7697648567065936
0.7828217763868521
0.7843723855448231
0.8661424005545716
0.8676259014302511
0.8904664101522339
0.890022319809155
0.909148746980033
0.9143009621734766
0.9282672762469729
0.9166387253906214
0.893599303524887
0.9030579883723983
0.8983539397320209
0.9434186786074885
0.9174831360921258
0.9139068446268209
0.9095784428121854
0.910112044154268
0.9136660259102887
0.9109628746647263
0.8915124858735954
0.9067248482829525
0.897030855974271
1.3669219462583568
