bid
0.6604175857408657
0.4661771193464935
1.0483811372153196
0.8635851362594188
0.5104011268218558
0.2214324923714883
0.13256929512607732
0.13049326589591506
0.1472383159897511
0.14919280690996908
0.15230759088594298
0.15128539228939306
0.14862542934804104
0.14669104198125527
0.14449694519948436
0.1432723948164379
0.14449694519948436
0.14700993555077976
0.14961188131274045
0.15128539228939306
0.1529967655053364
0.15334369694639155
0.15369220534854247
0.1534465581351506
0.1561091214736716
0.15874677985292918
0.15769779232086137
0.15769779232086137
0.15839557016298908
0.15839557016298908
0.03153547608749953
0.1315603808418228
0.13384890922077344
0.13469557749585614
0.13496196224368695
0.0388294388547414
0.1409897355653961
0.1422465396434115
0.14492918609250968
0.07133280147734967
0.1544179396787514
0.1533418822681722
0.15362036571848048
0.15460297867020797
0.1543448468133198
0.15265212795288965
0.15338115489082577
0.15437478898488655
0.1561496044983622
0.15301386285325197
0.15105847229950767
0.1504092527347649
0.11395502117708439
0.06261350236650415
0.16626402729976814
0.16284547362648744
0.1177675567558691
0.08282881226398699
0.17691018161759628
