bid
0.45272842210170744
0.2982681369140661
-0.012281444676710631
-0.012281444676710631
-0.011208079577947673
-0.011208079577947673
-0.009087632090227843
-0.009087632090227843
-0.023882062979193094
-0.023882062979193094
-0.02133102443368837
-0.02133102443368837
-0.020996981545465067
-0.020996981545465067
-0.020492687228870925
-0.020492687228870925
-0.020764714050493106
-0.020764714050493106
-0.021138853042393883
-0.021138853042393883
-0.020996981545465067
-0.020996981545465067
-0.020627803847962384
-0.020627803847962384
-0.020359329177489987
-0.020359329177489987
-0.0200548092966301
-0.0200548092966301
-0.019884853285641702
-0.019884853285641702
-0.0200548092966301
-0.0200548092966301
-0.020403588588745403
-0.020403588588745403
-0.020764714050493106
-0.020764714050493106
-0.020996981545465067
-0.020996981545465067
-0.021234503961137748
-0.021234503961137748
-0.021282654763770715
-0.021282654763770715
-0.02133102443368837
-0.02133102443368837
-0.021234503961137748
-0.021234503961137748
-0.02104405997942351
-0.02104405997942351
-0.02081075554506183
-0.02081075554506183
-0.020673239539257458
-0.020673239539257458
-0.020673239539257458
-0.020673239539257458
-0.020764714050493106
-0.020764714050493106
-0.020764714050493106
-0.020764714050493106
-0.020673239539257454
-0.020673239539257454
-0.020764714050493106
-0.020764714050493106
-0.020764714050493106
-0.020764714050493106
-0.020673239539257454
-0.020673239539257454
-0.020764714050493106
-0.020764714050493106
-0.020764714050493106
-0.020764714050493106
-0.020673239539257454
-0.020673239539257454
-0.020764714050493106
-0.020764714050493106
-0.020764714050493106
-0.020764714050493106
-0.020673239539257454
-0.020673239539257454
-0.020764714050493106
-0.020764714050493106
-0.020764714050493106
-0.020764714050493106
-0.020673239539257454
-0.020673239539257454
-0.020764714050493106
-0.020764714050493106
-0.020764714050493106
-0.020764714050493106
-0.020673239539257454
-0.020673239539257454
-0.020764714050493106
-0.020764714050493106
-0.020764714050493106
-0.020764714050493106
-0.020673239539257454
-0.020673239539257454
-0.020764714050493106
-0.020764714050493106
-0.020764714050493106
-0.020764714050493106
-0.020673239539257454
-0.020673239539257454
-0.020764714050493106
-0.020764714050493106
-0.020764714050493106
-0.020764714050493106
-0.020673239539257454
-0.020673239539257454
-0.020764714050493106
-0.020764714050493106
-0.020764714050493106
-0.020764714050493106
-0.020673239539257454
-0.020673239539257454
-0.020764714050493106
-0.020764714050493106
