bid
0.6063327081719295
0.3994662547956242
1.5712035275273244
1.513975062691554
1.2886949126159
0.942697723245818
0.8420004664445601
0.8288147768134373
0.8089087450559092
0.8196464717601912
0.8344148766567713
0.8288147768134373
0.8142422093090251
0.8036446968234413
0.7916243701615522
0.7849156890584882
0.7916243701615522
0.8053917505121879
0.8196464717601912
0.8288147768134373
0.83819050958282
0.8400911683347084
0.8420004664445601
0.83819050958282
0.8306731059094316
0.8214638697020098
0.816035694351556
0.816035694351556
0.8196464717601912
0.8196464717601912
0.6074079689408831
0.8089087450559092
0.8036446968234413
0.7984487181801863
0.8019052061376762
0.8053917505121878
0.8089087450559092
0.810678786073537
0.8124565904289615
0.814242209309025
0.816035694351556
0.816035694351556
0.816035694351556
0.816035694351556
0.814242209309025
0.8124565904289615
0.8124565904289615
0.8124565904289615
0.814242209309025
0.8124565904289615
0.810678786073537
0.8071464166353081
0.8053917505121878
0.8019052061376762
0.8036446968234413
0.8019052061376762
0.8019052061376762
0.8019052061376762
0.8019052061376762
