bid
1.086548213044098
0.7829538593994234
1.7338297952340216
1.8465021550206582
1.2167869500318904
0.8305430301187045
0.6368679772360828
0.6223039026532153
0.6029555150603534
0.626454804115834
0.6929018546290434
0.6933651266164963
0.603632630104502
0.570839322327715
0.5296812401081906
0.544349437367687
0.5647970140833656
0.5999324922403064
0.6317703764644511
0.6702248437617282
0.678988043780288
0.6937967479078523
0.7109924820811687
0.6735048841403005
0.6345867024384
0.5918532377036991
0.5876302397131624
0.5916338207716285
0.602260605635221
0.6346132144665602
0.4539851577065815
0.4301943916680983
0.4362138378398441
0.41599838280795987
0.40778453495319644
0.45510185703746026
0.42120074824719755
0.44455898072246336
0.44844306930940236
0.45510293036277033
0.47787091814823435
0.4886581677241313
0.5012161443510802
0.5156968325023108
0.49430624638328985
0.502207583201688
0.5062622396033166
0.507628183821501
0.5073121698696326
0.49934014459968057
0.4678487940749097
0.5053195254982271
0.5028618997095619
0.498584632629255
0.48701511683434456
0.47999835068721997
0.5083418358621942
0.5115562743214435
0.7554291435309484
