bid
1.4551984996126308
1.0485989188385134
1.8678322658543354
1.865998343680631
0.7889846931437003
0.5173616603840248
0.47426380618304637
0.4667918224788973
0.46380475851821756
0.5147549696033691
0.5216965899192384
0.5800231387690821
0.5709771214309969
0.5803100058388582
0.5716301553241744
0.5667858319739695
0.5721256947908334
0.5758217021169504
0.6190453345749432
0.6292416780847178
0.647351879700582
0.6493879933064696
0.7309504282859106
0.7172214056728249
0.6732516526229944
0.68776725394835
0.678842589092125
0.6999340422614531
0.7453754941632063
0.7990089826273238
0.5726814464318347
0.4649300413396538
0.4724075336292915
0.45294836625327817
0.4776036324287194
0.48080035209077393
0.48232923937457167
0.4404845771212235
0.44221240838059794
0.48996655612271944
0.5103781076583122
0.5068862234006103
0.5519883322803371
0.5565715517267782
0.5806786860168408
0.593926434399015
0.6238373160101921
0.6077157677508964
0.6788464295305189
0.6572370359952324
0.6425481686471493
0.6384194154143099
0.6123569845005946
0.5828906616539281
0.5721730050647091
0.5807088230020877
0.5960875720863087
0.6145345365258214
0.9039526253324065
