bid
0.3701253358154996
0.2240282526164742
0.21790331158840365
0.5403973077314024
0.2837730801591715
0.040184919901298174
0.04065534755059337
0.03883409238910792
0.04085606144270469
0.040235498806152584
0.040114691783070464
0.08144410383185684
0.03883957099551332
0.20239826105395703
0.33975618593312795
0.3284462516787896
0.33458486659203296
0.04106809673070682
0.03973085632435638
0.39713024026770044
0.4218758459775583
0.32699481546783515
0.08098100320528313
0.08206365097613821
0.22108543097112934
0.45275200902494467
0.43575392743658203
0.038885534300083555
0.07769532464837836
0.5725773972897632
0.5771960789328028
0.4015780172427676
0.3920878138124744
0.45715048883604636
0.3314170973705753
0.5228285633618179
0.384882588064747
0.4855745367233109
0.3740934229799876
0.35274718105295966
0.5803695949055224
0.5344941356607945
0.4571319419363195
0.4490981081679747
0.05956459985874569
0.05846420703317056
0.5562031685081191
0.5489920613427504
0.4704890937427243
0.34876384831026036
0.03925089532632355
0.30672377800912815
0.409836359507194
0.3161024667138938
0.10111626791537785
0.09815938125066366
0.07959612547407006
0.5261649858127805
0.5587651535434265
