bid
0.39160682520607787
1.128330846017091
0.10964447156109036
1.390826156224662
1.002707242066215
0.15658871080618197
1.6189668668256856
0.03946658385383254
0.03921549609187814
0.04044799955742945
0.6176609258635561
0.10676581752066178
1.0262020902259843
0.8100552642570527
0.04038929855707111
0.39408797018602043
0.5152289419111106
0.679976852816982
1.5539655331191937
0.08162188446363004
0.8661654694357107
0.03990148662703551
0.040718474046772306
0.04052433376114611
0.03908404546224659
0.03911736697482987
1.1274648018893911
1.3735152162670372
1.749781740845428
0.06043142553324163
0.039435058654644126
0.03955722359861868
0.7948736223899202
0.040311483313820944
0.040926894611935806
0.09898491242170866
0.08170625291990949
0.12247171709275172
0.040680387770119085
0.039361054857955595
0.06046950043759863
0.09967629365976391
0.03926806343256586
1.5473428826573326
1.4297162939846093
1.3038223852447282
1.5308066275953311
0.04012589324477561
0.6727198619074567
0.5609014808643445
0.30614137286871485
0.8596577115692441
0.7134739765841287
0.3651867907402981
0.7411987566352473
0.3697202548091797
1.8444096116736617
1.7056088300582952
1.1113478958293181
