bid
0.17351901223426866
0.7159202688035272
0.3247647239897406
0.5108591092811283
0.16197737051314934
0.3585508493314763
0.2094586887050166
0.12274003535044908
0.36702992928706774
0.3749536106418043
0.8295057148577485
0.42449651863594784
0.5820959929702363
0.5595963709874835
0.5132723696427495
0.09327832512538309
0.7107943312635745
0.7653003411990392
0.5428870486892873
0.03889716484501012
0.0405576379217319
0.25200640891671533
0.11459585517482973
0.039546014499932704
0.039911612458602974
0.2844644738683983
0.6503914695106426
0.6017431371601898
0.09988472717779483
0.061103353724383296
0.0406006944414648
0.0405832569600121
0.7180656157009607
0.09096952229353901
0.16738596306536813
0.03918282891577311
0.058348896188063736
0.06081296393423567
0.0401100493001863
0.03985565346538729
0.0797166683804635
0.061625520536073286
0.059289549745575106
0.12482901589278284
0.7672672237240297
0.3641738476387302
0.040079836425422774
0.6082831864666128
0.37599372920387447
0.18966916746536575
0.1570980317164404
0.6407810582691076
0.4678614946161505
0.09775888298410634
0.7493247784749244
0.7729747493182756
0.8368874980912788
0.359392590578497
0.039204727271484566
