bid
0.3169756561228009
0.24362551755424827
0.20827109289482043
0.39678585694439444
0.7489643389434613
0.14959214536967022
0.7450586553965773
1.4802200329162665
0.2139129600801538
1.0911408732516243
0.4307358193975731
0.2218483549612745
0.3192653893159499
0.7275564840578742
0.10404792283461797
1.4306253022799142
0.7643637194380991
0.6769867196078249
0.9331527318968704
0.03991381413456914
1.460940548353875
0.774728909012178
0.12476396649174845
0.03987451755408382
0.04087467987051522
0.5788551733124406
1.1897761785490097
0.7954777995229066
1.1279272305528654
0.06026096826511095
0.06019452312716194
0.2507899826997492
0.8511443555000625
0.8061711833756271
0.7582365868260792
0.06067615764152249
0.060475161880057034
0.040098635591950156
0.255003561675265
0.6628465244808853
0.04057112182954719
0.040892198675283674
0.7830590454107013
0.9018384482744113
0.17964613963476123
1.1107441752564677
0.09857718722734399
0.03973710928401904
0.6487820776837301
0.5368181887465161
1.0756630431276906
0.11577227729488737
1.4050201835283977
1.4059709065545911
0.0719775847600318
1.2721097079324868
0.6749087459180619
1.2409716457141031
0.11436264298961599
