bid
1.1441876798263475
0.9219899195678024
0.8327727334265363
0.3474727686802368
0.8048245984927851
0.23554050280538205
1.0200805817688754
0.28427179617070425
1.1025986558314278
0.040150164324239956
0.04114500404330057
1.4444328939574727
1.3245828955949568
0.04060088008711233
0.963044330535314
0.9208921997695212
1.2642844317589792
0.45582143017020216
0.6740491820098069
0.04046781546647204
1.2938378565992534
0.2852658016327288
0.7382662304873033
0.038848663032375046
0.03942043271163966
0.5478845990220146
1.0442675422035839
0.14879355920769702
1.4269241642499357
0.05909821765093474
0.05944795372767237
0.04022916499733187
1.4574863437516827
0.039535207172538195
0.040310657606463844
0.03902803260074804
0.0388381518901374
0.757446975644322
0.039120201934689146
0.6096437674406071
0.0411223074020569
0.04083665334750737
0.6378130347259381
0.2363680644376611
0.6648917981284883
0.07498477259601236
0.7603233947975732
0.03963831680747979
0.40429715694017676
1.2033994939452162
0.6782047347228947
1.4340718199977893
0.13700366776075476
0.9324320908020162
1.2665805269310588
0.48040513665354323
1.246114083381839
0.19626465896589285
0.5954388310703667
