bid
2.0689095487826363
0.9771729042237395
1.0358695319769078
1.58119139243066
1.7403806935538766
1.1465357209315779
1.1080808787218033
1.2670184029153866
1.1493690050518206
1.0738331165980688
1.1940159554686167
1.0382637881283887
0.9643423400321425
1.1772101753208737
1.1401418495340299
0.8837263671944846
0.5683780362547218
0.7432783819255209
0.8929199062604939
0.9809883424133711
0.9315706700890513
1.015487694669775
1.0056102787729926
0.9555435377755901
1.0275214396444623
1.056683573184192
1.163646103442324
0.5371947222622495
0.582802321009084
1.0195432164564293
1.1005593228218564
1.0521471737867616
0.9764266438150448
0.9489615540092806
0.8572532190173018
0.8173271938326844
0.9079927355050067
0.9213997054919197
0.8697730666598796
0.8106004673408105
0.9275104844005864
0.8863711125481427
1.0258786696205577
0.9852916545685793
0.6861108601861869
0.6498401306338245
0.7730414487999399
0.9190941677048132
0.9208658159991993
0.8629480339242638
0.10200777999639728
0.8581182381583182
0.8637982085272397
0.8596950891224852
0.8109062125416282
0.7784073520172393
0.48795276036587226
0.9879656910200686
1.0750536157592518
