bid
0.7401356113830528
1.4226951046953398
1.064761553292501
0.7779305021992517
1.1076566090866646
0.7984883814718968
1.93390633544848
1.756030123866487
0.04055378291077345
1.0606340585641088
1.0531060952903326
1.8341714109300713
0.6087187480733319
0.040831504976949935
0.0398109164558228
0.8012436020459515
0.3591118422412306
1.2816958318430214
0.6776530228646509
0.03967844830959936
0.03919067247224995
0.03894229226488972
0.039999321724873554
0.05912817993879944
0.0392652037123707
0.038911435428927485
1.4964920529815207
1.6628725950844578
0.5856264479939222
0.05981880681852437
0.0603009093529265
0.03951335626702512
1.206013448954385
0.06907730385492322
0.23996342459379755
0.039267963483039695
0.04004138987637811
0.039822847164206095
0.32913473084948497
0.04018849401451451
0.04017769167954305
0.03960227035871158
0.5726972833953262
1.8996827216246477
1.1579944406166442
0.7885767295787648
1.5689246952536309
0.039779297462396605
1.2335054245174462
0.571040020889647
1.5944836468559216
0.9517398086613501
0.1819686486436017
1.4540043772948297
0.497368680253479
0.6824003685988785
1.2947192777585463
1.2092422489877506
0.04084534966122198
