bid
0.09012005950753373
0.9034337737603649
0.5439088781320078
0.5159324468084041
0.11912434103286479
0.10199444008897235
0.4113078195135828
0.5536167591711941
0.5066804062224383
0.548760028719738
0.5561203679654513
0.1948696087931365
0.16201943096171129
0.5957851477353724
0.6039139706333014
0.35031586130296544
0.04020970990124778
0.05910338264163936
0.06017985841075497
0.22196002639111642
0.2598793046303487
0.2977574838459446
0.23925896840486924
0.2828256053887754
0.38428156150875253
0.43181377972176327
0.35265686772100346
0.04024389670800834
0.05889354694199511
0.377345265235259
0.41840208162643333
0.2663413186812326
0.17527742777383098
0.2842498625120674
0.353695257530559
0.37518057234222896
0.34351483809609823
0.37962305154641246
0.30654441120917414
0.2469577821073574
0.391293422411372
0.35849630956785467
0.32061917079574337
0.2138745545662878
1.1330518124903184
0.03976066354339335
0.27773088095418386
0.261319417249612
0.25786985186471634
0.2589420276157711
0.040756571075922315
0.29351656346341193
0.3888024210257825
0.2924196738714506
0.2665646733861305
0.06132030413040671
0.8285667448878303
0.42474010906031484
0.46233502464147225
