bid
1.0828228393668216
0.5798051209144547
0.6388904537118506
1.0947841250306296
0.39481153882390296
1.064773202856423
1.2037144405056124
1.1936041694273223
1.141297325383299
1.002651550200138
1.1536557510520875
0.9968483407484359
0.9967580302781552
1.165865066939151
1.0625952484207974
0.8682536551800886
0.3979456397651954
0.09944943683293327
0.26726953699597394
0.7450422935161641
0.6965132468871331
0.7685684909267969
0.776301578464007
0.5414752268986418
0.47325305461154615
0.7445377177345543
0.6999090019525674
0.18159969835566633
0.19993515213918622
0.43528499427711453
0.4108911826286363
0.4142820914064111
0.3696940392538689
0.4622700999424251
0.6064419710177595
0.49762739469559186
0.4535902169833819
0.6374545107752247
0.590260833231084
0.4220248406679454
0.5072078943724624
0.41233166044526
0.7144871488081929
0.698823012306098
0.5445662758641079
0.2780743095722168
0.7089437639093678
0.6991974220476332
0.88089172792932
0.7533124765364734
0.10077821851327345
0.7681907777374127
0.6818646977595123
0.7572021103278674
0.6487882539828277
0.5751895804053113
0.14149356759599205
0.6024953853696478
0.6271016224715549
