bid
0.438554969081381
0.12601800078499825
1.0196635781175414
0.052456441746029446
0.28995714696704933
0.47886536839236493
0.6397673588477719
1.191817627816998
1.1531800652898683
0.6555651780889573
0.7535764890231444
1.3235098513876522
0.7016061030466267
0.7117567228849815
0.29266269630861214
0.3544462960910935
0.1547163986041758
0.5240864543264214
0.07114581969007729
0.04063597434938676
0.03887984098537575
0.03910095158219417
0.5296801809771594
0.04074346102786837
0.9110725457807123
0.6037618782307005
0.6860795120575895
0.37187331831006804
0.3526021038666075
0.05962099231826762
0.04114401416014031
1.1673923345721313
1.1766332959743735
0.6965763595929245
0.27327503842454726
0.03965742338503993
0.04098689775397188
0.03915655504455541
0.16112081110458254
0.5289547941083763
0.03938411099718165
0.04040531334289048
1.4821806934079405
1.1762354747495427
1.058062968656241
0.11247891401979282
0.8394404859692763
1.1531583296277474
1.160661585360311
0.7298160251699336
0.2567954851644067
0.9830061916140996
1.2114643613251654
0.8326269566718802
0.28967536685331335
0.5532524831217753
0.45565261321281775
0.8744648550140983
0.4356692441687078
