bid
0.6398477873620406
0.4138438095214614
0.16489028676775253
0.4070529953446882
0.3505539103115711
0.040700468844924564
0.21720497417357304
0.3902011135120803
0.48322921874495717
0.07775574750479601
0.03883702138622971
0.07827763928842164
0.06016337747368853
0.2169404582539479
0.3636641826893816
0.03978669471595552
0.040009086940187524
0.06152249972822648
0.17772026488188614
0.48843897559447574
0.5276600460194988
0.5077651018880083
0.36905354027484283
0.12314828306860338
0.40412163857704253
0.22532162608256556
0.2661674796886535
0.19544301725078828
0.039691905241918644
0.30250181728530934
0.3323076079482246
0.21353909569766094
0.10083916208307081
0.11767336468119055
0.3767822777202034
0.5091343902635865
0.5165595565842105
0.5299820811750952
0.4798009574757018
0.45631902602138597
0.6128586292451889
0.6180916218657748
0.6322605386657074
0.5316482624140613
0.09781778327822774
0.07804862832168677
0.6349213508239349
0.6589004874459254
0.4519348740310137
0.32814722497039017
0.058500869201961556
0.5990784252588975
0.6580263651611967
0.5659844017931637
0.4323693498808413
0.19549853186190602
0.03933719516108143
0.3756768793607356
0.5607696235508477
