bid
0.29959310277106904
0.42884494296378867
0.6533412193199251
0.14667428467096386
0.39512554015562956
0.8470972193578785
0.5103917985452872
0.7026856891546276
0.0401174319255832
0.03918724223191652
0.23028409666202004
0.2728908945338054
0.4793960596705394
0.18548906747549546
0.8800882120577204
0.30846945425619193
0.39737936337525204
0.2936469657456089
0.6538705066986179
0.04081733296167405
0.8891897135726659
0.03890034010404574
0.8464066141907438
0.04086363418103699
0.03993369865677329
0.7797737703149323
0.5239010748956974
0.23041448049166235
0.37374150358593794
0.06162608774658724
0.08085635122108052
0.3867955504119758
0.3326875209033404
0.05303983192995536
0.32731911917549134
0.039499979419665994
0.04067359549743593
0.03894351526090342
0.3241224375705
0.8593002859255996
0.04070244003367696
0.03920938661058336
0.8866586960148698
0.41751572915212254
0.7928923890414667
0.29118580946722217
0.8378606383869427
0.5017598653566668
0.6703691459307392
0.05251965668377843
0.7891353946076558
0.5344492846212365
0.07314253210376259
0.335831545880099
0.38199329605430404
0.20669280051945293
0.2299003954593321
0.4677932464146091
0.04056854296098078
