bid
0.5293368711563126
0.29840646079075883
0.5775515662334667
0.10689303735707484
0.3259229740718879
1.6323117122547026
1.7576922591556001
0.4637100540855675
0.7790771714933101
0.9027364776069843
0.9740418966529456
0.5901353649877464
0.5168616670572994
0.9671100109047676
0.8047490453179101
0.564444502342657
0.3259766616618485
0.29902656432772334
0.41524009324989836
0.5727386477644053
0.4868854108898317
0.5945880173018588
0.48637402098299937
0.5496911946204662
0.6494029111514651
0.5959666763123024
0.7916938751616732
0.058272289480494406
0.05873470801218226
0.6839175250388141
0.7200513720561907
0.7261678530200475
0.5950924243383167
0.6551508009905481
0.51257692204241
0.23917629408028013
0.1988512388569606
0.15592340635642962
0.18430186398065565
0.2623692175884742
0.46077525408326164
0.4316741413869601
0.5472134210640638
0.2840166328232972
0.05894032523781029
0.0597191933455585
0.5937402359855014
0.5692863957246596
0.583849233131537
0.5710059270302524
0.0606453865637646
0.41492468677526445
0.23531796887518308
0.21871146664691135
0.19671342009060896
0.12307549330030138
0.08221833506980594
0.633269661621007
0.6145160970044142
