bid
1.5127511888099527
0.9952560769320334
1.728882720722728
1.7388839481253724
0.3229417836613205
1.0619004768256366
1.339470450574464
1.4114383881316548
0.9108117051605056
0.8618868881852408
0.8359624838701739
0.5706520194398719
0.5128800621393336
0.8978598041418491
0.9660859373022879
0.7662360233216019
0.5119949275038184
0.4506570827621623
0.4406787336811844
0.5919720290883269
0.6053239589854607
0.7613185491589207
0.7236820440511947
0.7199040345101136
0.8574759104073223
1.049733910710456
1.0042025635603347
0.07885822944221112
0.33786455070452176
0.8912789926708988
0.8451075951436826
0.832052935452769
0.6009151760535161
0.7722216696379367
0.842595025776594
0.6346111407249876
0.5836202230357573
0.6866982627019133
0.6154528836872801
0.619092288572128
0.692735601136752
0.6124419120456247
0.7703085829047094
0.7765194007562518
0.4694042255873764
0.08210328176192382
0.5933855358672631
0.6027871857469366
0.606581097446249
0.6258483576638543
0.1204286383558119
0.4703249831889728
0.4882620446986882
0.47113949991775306
0.4666222187833019
0.4325185485150638
0.1947678243823382
0.7293126218203752
0.8001805051291739
