bid
0.24152537053103446
0.1436831513868856
0.2655757230231675
0.24324240307010636
0.20701747677627802
0.039042960271314736
0.03993733917568093
0.03930173164829378
0.040364167405986924
0.04111817665977689
0.04115665226910093
0.03981508726443939
0.03882418704094854
0.041071856527087204
0.07894912540749363
0.08071614391064838
0.10236890505069783
0.2727697679242704
0.33616269966576806
0.03904972810590875
0.05967312364341162
0.03924766136247162
0.04068547052310401
0.1621088537891233
0.03956240362789535
0.203064259059998
0.18502437827684018
0.04102080099071767
0.04078504600934989
0.2216095015361356
0.2192976767229108
0.059743318442622664
0.07936679079147649
0.061083879994803844
0.061586614694889415
0.2677541793074913
0.2580675679348338
0.059128331801408265
0.058390727709181654
0.059058952307445484
0.05846262655536876
0.040453341657977746
0.038959204782239194
0.03972066549037893
0.039394521588716785
0.03952836445538731
0.04053194111690523
0.03895789155006446
0.03889186119128918
0.04025198806335104
0.0411977651095385
0.039048277502820104
0.26331379785861536
0.039212859387320116
0.04095844623441519
0.14108543582610705
0.039877960378274624
0.05978286108955554
0.059010179148538074
