bid
0.21087468660872757
0.20952850855615834
0.21095316123963972
0.3038978841561904
1.052391172120812
0.09291954826704531
0.2849835716100704
0.08103865607946853
0.9237345906010307
0.3026471923971849
0.2269805935315626
1.315059338174436
1.4132138833121581
1.19985835608952
0.9896463930656324
1.1477052680624384
1.003947884369798
1.3774630772988996
1.2209841291833676
0.04004181111399623
0.039432145973245375
1.3996030945514883
1.004134823894491
0.04098443680040939
0.039994420996149097
0.19727675788238885
1.1730024472305465
1.2732832900085835
1.340244548740694
0.039102406905493055
0.04065404753184433
1.3642681433407686
0.4498161183757722
0.9312521644088968
1.2710691095308422
0.08188488677162738
0.03963752026388632
0.06057811849890341
0.03949454657326016
0.533481785392266
0.039159822200387016
0.039717688263236905
0.038923985941409375
0.11496716903433882
0.978713711184658
0.6523125499168494
0.3918897012169397
0.04034649253164104
0.36635417247808055
0.7468793455152792
1.0185171644648583
0.13235541326058023
0.41153565271262776
1.3384559513352083
0.6020517633547664
0.21515500828804876
0.9119310801438247
0.15539425399571713
0.03926849475945309
