bid
1.5407984113545503
1.1983987643868725
1.8442622188380091
0.7687381410489019
0.5388227218197524
0.5011507942348968
0.48860267502899024
0.544885564934901
0.6444653285204118
0.6965298147594863
0.7173690600495747
0.7054726949179552
0.6800870347668242
0.6659622313685551
0.6417221174324851
0.6413254734514887
0.6218714990173431
0.612885125061415
0.5860992793876888
0.6037109463043234
0.5828730672357586
0.5913993250020659
0.6118659349811906
0.6044621788783214
0.603560774960993
0.5982372032828225
0.6490409079383547
0.652950035551542
0.7141454006179337
0.7625479054872776
0.5632341391262328
0.5545703856773252
0.5648258342932692
0.5934807210909318
0.6500088485671863
0.6570199224778762
0.7084950211718708
0.6900198000160567
0.684176125338564
0.6787113436652371
0.6827881554948529
0.6725891958470528
0.6634829533952599
0.6542229010700142
0.6367173225541739
0.6200455254315024
0.6413092080198819
0.6457248890413593
0.67227599469666
0.6373047967667234
0.6561847452157699
0.674818028678899
0.6634495108125752
0.6592648100796092
0.633532070144976
0.666439974892533
0.6644328974731672
0.662272082163671
0.9880333244042585
