bid
0.641999338064396
0.4565328626235705
0.7151537316741055
0.5819856187841358
0.49183750471278903
0.45745056052736105
0.4267127758278941
0.43097138636509863
0.43796483685378174
0.4424521814936771
0.4344399689515381
0.421712235486161
0.41363345702857174
0.4035825505961017
0.39837022983194537
0.39400851198707015
0.3897412717850441
0.38351094950073605
0.3781377663203405
0.3735582431988138
0.36972031604266165
0.3672052118518953
0.3665817734616544
0.3653412260049313
0.36410904649058085
0.362276282833749
0.362276282833749
0.362276282833749
0.36410904649058085
0.36349606829783576
0.36288515053599063
0.36288515053599063
0.36288515053599063
0.36410904649058085
0.36596044842188885
0.3672052118518953
0.3684584719606048
0.36783077439338063
0.3665817734616544
0.36534122600493135
0.3647240955555987
0.36288515053599063
0.362276282833749
0.36106465646975655
0.36046187741054164
0.36106465646975655
0.3616694548893039
0.36106465646975655
0.36106465646975655
0.36046187741054164
0.35986110761485735
0.3592623370531022
0.3592623370531022
0.3592623370531022
0.35866555576231635
0.3580707538456292
0.3580707538456292
0.35747792147171265
0.35747792147171265
