bid
0.9510013234668465
0.7245724369271213
1.9118988945672526
1.5293186552087255
0.9366477822481463
0.871161814421475
0.6567680244259492
0.7819976489245979
1.0205718655951592
1.1144886888898526
1.0406211433480845
0.9429546981771629
0.8801194408359285
0.8282609575611001
0.7861667333818569
0.7258428226075775
0.7258540187261524
0.7165450705722576
0.6962375221599342
0.6730105493010002
0.6493523272438367
0.6442773322172003
0.6321799982026542
0.6432556516412861
0.6382687709042405
0.6401621289921687
0.635957362299154
0.6371824526127273
0.6476423866829375
0.6571248981724
0.5033584315753444
0.5068732492219707
0.5176256669284386
0.5103914433314395
0.5205706168326322
0.4998159289250347
0.5300414226500962
0.5603744492832493
0.5430194648879444
0.5575671854217666
0.5455081133329923
0.5390416648599642
0.5420046387926126
0.5334748597365303
0.5376460237853056
0.5415646196576757
0.5438250479098808
0.5004303032537282
0.5252849386569579
0.5340351144676957
0.5349465871958267
0.5108725724648431
0.5170642406236123
0.5304986661094113
0.5334917842865451
0.5356352241296797
0.5365067961068454
0.5366093760594302
0.5394790905302878
