bid
0.6992656790197402
0.5327738506817069
1.6168555767317327
1.712232284943321
0.6686215433698421
0.6218746981766116
0.4732139175750927
0.6185980930182688
0.66119652656178
0.8005070617721798
0.6965353757267025
0.5566851511123199
0.49704002507695777
0.4788606996591075
0.46026663101490606
0.4438420559305657
0.4337231791280036
0.37732869772611993
0.3220913722631696
0.3126648712958883
0.30499066005616654
0.3171746477984955
0.3157025597043071
0.33329082377274133
0.340118145504365
0.3366945863473175
0.34423255088665616
0.3445543354292156
0.3649117079642672
0.4053781700501661
0.28602628204654174
0.30289691561246623
0.338733212037174
0.3017134267927588
0.3320036804612581
0.33096011815785276
0.37325601845264095
0.3566044037249739
0.36845652882394486
0.3514052808098604
0.3670070698558129
0.362242673275098
0.3626456790397113
0.3574461324950646
0.3535998401763051
0.34994281907438884
0.36212188366054426
0.3579296284165217
0.35767331518874707
0.35496391507068
0.35385694645533494
0.3550777430672263
0.35131157180537487
0.3458387400096936
0.34762101059419614
0.3502000762154606
0.34875411175452004
0.3469756378944041
0.3471866195020549
