bid
1.5407984113545503
1.1983987643868725
2.0926865086131032
1.7515376682613866
1.2801691961481232
1.1906658413326823
1.0029075840972625
1.1304448671580685
1.2153745444537671
1.327102611994164
1.254126240099418
1.134647199476322
0.9968467641794188
0.906531188768045
0.8947487365219325
0.8790126285216558
0.8715134442255072
0.8517120980964199
0.8332028300703572
0.7820510212260001
0.7501709176414127
0.7376852465011746
0.7438020393579458
0.7524388106626576
0.7551371511235176
0.7374087173241842
0.712785453597883
0.7156811804612672
0.7306005817138403
0.754841137292148
0.5522826077852409
0.5666234097667632
0.5495387796963537
0.547457628152254
0.5594330835180367
0.6058284508636511
0.6600095184840269
0.639313896611559
0.6457634168393884
0.6156821387655208
0.626515615146979
0.619086762346964
0.6062933475854783
0.5880453912243176
0.593849653866009
0.5852277574584235
0.6010933011820087
0.5909587508859028
0.5983766177806661
0.6198048211985393
0.6240090646255477
0.5902371169956186
0.6053481048123895
0.6279838113570512
0.6035868036922624
0.6298546977500905
0.6392707053691191
0.6322081949696585
0.9416219573815856
