bid
0.641999338064396
0.4565328626235705
-0.017477633473569586
-0.017477633473569586
-0.06173597482075634
-0.06173597482075634
-0.052173227012529855
-0.052173227012529855
-0.04852552258156908
-0.04852552258156908
-0.04526491434486286
-0.04526491434486286
-0.0457166599970072
-0.0457166599970072
-0.046458512491887635
-0.046458512491887635
-0.046934521841189764
-0.046934521841189764
-0.04608460092253643
-0.04608460092253643
-0.04473446612988399
-0.04473446612988399
-0.043877484020116105
-0.043877484020116105
-0.04281130216542169
-0.04281130216542169
-0.042258388668820306
-0.042258388668820306
-0.04179570558120548
-0.04179570558120548
-0.04134304450992889
-0.04134304450992889
-0.04068214326554282
-0.04068214326554282
-0.04011216577670859
-0.04011216577670859
-0.039626378301904165
-0.039626378301904165
-0.039219257976884594
-0.039219257976884594
-0.03895246030357246
-0.03895246030357246
-0.03888632709422853
-0.03888632709422853
-0.03875473207868123
-0.03875473207868123
-0.038624024719225304
-0.038624024719225304
-0.038429608487417125
-0.038429608487417125
-0.038429608487417125
-0.038429608487417125
-0.038429608487417125
-0.038429608487417125
-0.038624024719225304
-0.038624024719225304
-0.03855900110858688
-0.03855900110858688
-0.0384941960647069
-0.0384941960647069
-0.038624024719225304
-0.038624024719225304
-0.03855900110858688
-0.03855900110858688
-0.0384941960647069
-0.0384941960647069
-0.038624024719225304
-0.038624024719225304
-0.03855900110858688
-0.03855900110858688
-0.0384941960647069
-0.0384941960647069
-0.038624024719225304
-0.038624024719225304
-0.03855900110858688
-0.03855900110858688
-0.0384941960647069
-0.0384941960647069
-0.038624024719225304
-0.038624024719225304
-0.03855900110858688
-0.03855900110858688
-0.0384941960647069
-0.0384941960647069
-0.038624024719225304
-0.038624024719225304
-0.03855900110858688
-0.03855900110858688
-0.0384941960647069
-0.0384941960647069
-0.038624024719225304
-0.038624024719225304
-0.03855900110858688
-0.03855900110858688
-0.0384941960647069
-0.0384941960647069
-0.038624024719225304
-0.038624024719225304
-0.03855900110858688
-0.03855900110858688
-0.0384941960647069
-0.0384941960647069
-0.038624024719225304
-0.038624024719225304
-0.03855900110858688
-0.03855900110858688
-0.0384941960647069
-0.0384941960647069
-0.038624024719225304
-0.038624024719225304
-0.03855900110858688
-0.03855900110858688
-0.0384941960647069
-0.0384941960647069
-0.038624024719225304
-0.038624024719225304
