bid
0.641999338064396
0.4565328626235705
1.3039831339013421
1.252708633850921
1.058667205372874
0.9846502185565502
0.9184879509065053
0.9276544973227379
0.9427077143178331
0.9523666048333845
0.9351205294943497
0.9077244202318198
0.8903350635223979
0.8687007535676481
0.8574813711414976
0.8480928889757149
0.8389077674344615
0.82549716369217
0.8139315291745913
0.8040742269181516
0.7958131903402255
0.790399495167843
0.7890575605410723
0.7863873149893261
0.7837350812119591
0.7797901059709592
0.7797901059709592
0.7797901059709592
0.7837350812119591
0.7824156618833195
0.781100677577633
0.781100677577633
0.781100677577633
0.783735081211959
0.78772017484524
0.7903994951678429
0.793097104366368
0.7917460019739211
0.7890575605410723
0.786387314989326
0.7850589580383305
0.781100677577633
0.7797901059709591
0.7771821123055044
0.7758846463417223
0.7771821123055044
0.7784839248889307
0.7771821123055044
0.7771821123055044
0.7758846463417223
0.7745915052644861
0.7733026674853438
0.7733026674853438
0.7733026674853438
0.7720181115592885
0.7707378161835682
0.7707378161835682
0.7694617601965094
0.7694617601965094
