bid
1.150462813811398
0.8948044107421982
1.4471852053663825
1.2260492243505934
0.8137114066280277
0.7568205667578477
0.6123940552569194
0.7149382761067328
0.7923276496850662
0.944006180883408
0.9302845764957498
0.8667867343900989
0.8246140399970525
0.7859425668401966
0.7602242024699245
0.7576550377375793
0.715868714117116
0.6896039066831116
0.6647397095196237
0.6331374756956185
0.5963830108437471
0.5930366350293584
0.5957655819320506
0.593917898257921
0.5954150839403798
0.5860638430163563
0.5906456948455415
0.6083824530437963
0.6292333217436897
0.6251646052649085
0.4675964270462644
0.472998165438541
0.46504585922860886
0.46717233544331266
0.48025438215688393
0.47048846054410376
0.49874010485914766
0.5201841998227715
0.5049534744453074
0.4882442029236701
0.48436086742824996
0.49895678622662126
0.500355085192794
0.4947484816373711
0.4849831356470019
0.49405739921243347
0.5026287740148837
0.48860536060458043
0.500592288133913
0.4854567450273338
0.49276034065781454
0.5031579066745657
0.49164416870664257
0.5027020039189638
0.4881962616960522
0.4880448113232479
0.4897429934824241
0.49431570733276486
0.7567664073348683
