bid
2.0030379347609157
1.5579183937029344
2.388747885515014
2.033858916021078
1.3812995006257802
1.2847255948616896
1.1509746974898627
1.3868206321794398
1.4916949159225477
1.6464829593135573
1.6529877919028177
1.4355690367572818
1.3106090817799352
1.1727254470283488
1.114289231837252
1.1271661181246997
1.1459576965718876
1.0568980352685229
1.0037262810903766
0.913085679746544
0.8828657126658273
0.8877426348122027
0.8906675919638111
0.913099387679854
0.906090439824179
0.8821688655364088
0.8821780470986231
0.8921897226280326
0.9244417838147465
0.9286385952633273
0.666208767287491
0.689870954739511
0.7029090473577515
0.6475737890324808
0.6664608664533932
0.6658642139815708
0.706050218962509
0.7376797739564124
0.7257234959252841
0.7577126454433181
0.71653724268016
0.7388757846782119
0.7273572778572782
0.7388214957020571
0.7033875153613283
0.714714826504166
0.7182011988075242
0.7377906554684754
0.7492710010361694
0.7373532209708592
0.7570674815116493
0.7613993664859705
0.7577936930247446
0.7524827295795564
0.7610296833886763
0.7489109606867537
0.7568621992434886
0.7524911775109129
1.1419894706813292
