bid
0.47935950575474906
0.3408778707589327
0.13743904612131774
0.11245977156330479
0.0950400347380093
0.08839528654658067
0.08245568231222546
0.08327859331334549
0.08462997008110767
0.08549708043029935
0.08394884356134022
0.08148940478512906
0.07992830507660169
0.0779861219625908
0.07697892112543557
0.07613608622260233
0.07531150767145502
0.07410759369446908
0.07306930866897737
0.07218438624565066
0.07144276583901726
0.07095676062922802
0.07083629074700523
0.0705965740270492
0.07035847428328176
0.0700043208892384
0.0700043208892384
0.0700043208892384
0.07035847428328176
0.07024002567337725
0.07012197521006064
0.07012197521006064
0.07012197521006064
0.07035847428328176
0.07071622923726455
0.07095676062922802
0.07119893387369639
0.07107764097101546
0.07083629074700523
0.0705965740270492
0.07047732305740892
0.07012197521006064
0.07000432088923839
0.06977019272572922
0.06965371494154605
0.06977019272572922
0.0698870607202447
0.06977019272572922
0.06977019272572922
0.06965371494154605
0.06953762541664348
0.0694219222129552
0.0694219222129552
0.0694219222129552
0.06930660340529249
0.06919166708123728
0.06919166708123728
0.06907711134103656
0.06907711134103656
