bid
0.641999338064396
0.4565328626235705
0.689422538269186
0.40866104675229453
0.34536047459020797
0.3212145092057231
0.29963092558320414
0.30262125418183894
0.30753194390487076
0.3106828859530764
0.3050568377165016
0.29611962567402594
0.29044683591015574
0.28338924924317993
0.2797292404891168
0.27666651157865196
0.27367012336660884
0.26929529013339487
0.2655223263486888
0.26230665803650743
0.2596117266183241
0.25784566045085255
0.25740789192716684
0.2565367992302899
0.2556715823694794
0.254384644874331
0.254384644874331
0.254384644874331
0.2556715823694794
0.25524115883013687
0.2548121820926072
0.2548121820926072
0.2548121820926072
0.2556715823694794
0.25697160736457847
0.25784566045085255
0.25872567976979743
0.2582849205197637
0.2574078919271669
0.2565367992302899
0.25610346004240087
0.2548121820926072
0.254384644874331
0.2535338601088651
0.2531105982389003
0.2535338601088651
0.2539585399415432
0.2535338601088651
0.2535338601088651
0.2531105982389003
0.2526887472418355
0.25226830007504375
0.25226830007504375
0.25226830007504375
0.2518492497426932
0.2514315892953587
0.2514315892953587
0.25101531182963793
0.25101531182963793
