bid
0.6992656790197402
0.5327738506817069
1.2690715559818149
1.1089660676539668
0.3161031410625792
0.2940027095899836
0.275620674402732
0.32318378881038995
0.3715070351446552
0.43019576669715576
0.4672922217754377
0.4202636378363738
0.3997889598978395
0.3878306788139617
0.4037757952992432
0.3832448617764267
0.38271224423639344
0.38062506138169905
0.36127140029791177
0.31864218314634146
0.3468576698125738
0.36022336406229594
0.3661207094430701
0.3673158694048918
0.372772246790481
0.37413414499400277
0.3768447544453393
0.35817800347266865
0.3650563456532167
0.3831066584068045
0.2962562272769208
0.29725070023535755
0.25985008656147685
0.3156735401690916
0.28550988529244636
0.31091660452674585
0.3099574205568869
0.35442194352918194
0.34007109524271933
0.3478228000069545
0.3337357751053815
0.32268724225463385
0.3153947510823706
0.29898214039122273
0.3159172748452992
0.3078706493293132
0.29651340652176367
0.30578778027968284
0.32416970153937535
0.33210467201413624
0.36323545263564966
0.35014867822647494
0.35000152640239146
0.346762648384003
0.34485263087871615
0.3359884866285708
0.32978835657216454
0.33835949918351094
0.3392086356714685
