bid
0.47935950575474906
0.3408778707589327
0.20741213732970587
0.15699507671119017
0.132676932710368
0.12340079122849906
0.11510903845820467
0.11625783125718873
0.11814436807272122
0.11935486364723681
0.11719350796750817
0.11376010441377259
0.11158079206868114
0.10886948310252627
0.10746341966762281
0.10628681288294081
0.10513569216579703
0.10345501502637931
0.1020055577230325
0.10077019629732104
0.09973488606138967
0.09905641744872713
0.09888824016952727
0.09855359299467269
0.09822120313634328
0.09772680110713351
0.09772680110713351
0.09772680110713351
0.09822120313634328
0.09805584757550768
0.0978910478316833
0.0978910478316833
0.0978910478316833
0.09822120313634328
0.09872063298279926
0.09905641744872715
0.09939449395879106
0.09922516773398904
0.09888824016952728
0.09855359299467269
0.09838711733083035
0.0978910478316833
0.0977268011071335
0.09739995561848087
0.09723735135200595
0.09739995561848087
0.09756310462286694
0.09739995561848087
0.09739995561848087
0.09723735135200595
0.0970752890997526
0.096913766156159
0.096913766156159
0.096913766156159
0.09675277983364047
0.09659232746244041
0.09659232746244041
0.09643240639048273
0.09643240639048273
