bid
0.2854502396855582
0.20298683710973028
0.5407544067425729
0.7071392268833322
0.59760513251416
0.5558234177409244
0.518475599157542
0.523650006334763
0.5321473695207226
0.5375996991264679
0.5278644933072763
0.5123997132299146
0.5025836267695715
0.4903713143433949
0.48403810548656145
0.47873841820021223
0.4735535255843254
0.465983398177116
0.459454734104582
0.4538904034147341
0.4492271458454046
0.44617117886686436
0.4454136726209105
0.4439063505477433
0.4424091959084592
0.4401823039827455
0.4401823039827455
0.4401823039827455
0.4424091959084592
0.44166439928235063
0.4409221061743131
0.4409221061743131
0.4409221061743131
0.4424091959084591
0.44465873419273944
0.4461711788668644
0.44769394739542023
0.4469312660540311
0.44541367262091053
0.4439063505477433
0.4431565087393856
0.4409221061743131
0.44018230398274544
0.4387101223640741
0.43797771815311565
0.4387101223640741
0.4394449801904795
0.4387101223640741
0.4387101223640741
0.43797771815311565
0.43724775528952714
0.4365202215868823
0.4365202215868823
0.4365202215868823
0.43579510493972806
0.4350723933229126
0.4350723933229126
0.434352074790921
0.434352074790921
