bid
0.8345991394837148
0.5934927214106417
0.662930172187269
0.8565742482657248
0.7238930435229701
0.6732818773444574
0.6280415930960157
0.6343094732666346
0.6446025275995618
0.6512070616938196
0.6394145796913159
0.6206817306769218
0.6087912760662528
0.5939982170216522
0.5863266533331808
0.5799070184426715
0.5736264370154944
0.5644565650205753
0.5565482418679228
0.5498080382466849
0.5441593255249725
0.540457561405755
0.5395399764118571
0.5377141220077563
0.5359005836535986
0.5332030974942683
0.5332030974942683
0.5332030974942683
0.5359005836535986
0.5349983941188282
0.5340992371539226
0.5340992371539226
0.5340992371539226
0.5359005836535986
0.538625501875566
0.540457561405755
0.5423021264617474
0.5413782727539761
0.5395399764118572
0.5377141220077563
0.5368058211259864
0.5340992371539226
0.5332030974942683
0.5314198095427826
0.5305326312296894
0.5314198095427826
0.5323099599775276
0.5314198095427826
0.5314198095427826
0.5305326312296894
0.5296484101776399
0.5287671316249317
0.5287671316249317
0.5287671316249317
0.5278887809079468
0.5270133434603382
0.5270133434603382
0.5261408048122251
0.5261408048122251
