bid
0.8345991394837148
0.5934927214106417
1.520255195892
1.2690548108056734
1.0724814004758654
0.9974985906968322
0.9304729936934879
0.9397591513151794
0.9550087927158314
0.9647937188707069
0.9473226052493056
0.9195690132986425
0.901952748676063
0.8800361398297287
0.8686703594260237
0.8591593700892425
0.8498543949619223
0.8362688007262964
0.8245522501031609
0.8145663231987973
0.8061974911111385
0.8007131544369129
0.7993537093529794
0.7966486206580455
0.7939617787671247
0.7899653268605787
0.7899653268605787
0.7899653268605787
0.7939617787671247
0.7926251427759342
0.7912929996788316
0.7912929996788316
0.7912929996788316
0.7939617787671245
0.7979988725574658
0.8007131544369129
0.8034459638377216
0.8020772313609964
0.7993537093529793
0.7966486206580454
0.7953029304204474
0.7912929996788316
0.7899653268605786
0.7873233023560282
0.7860089061918277
0.7873233023560282
0.7886421018574621
0.7873233023560282
0.7873233023560282
0.7860089061918277
0.7846988913481747
0.7833932359549165
0.7833932359549165
0.7833932359549165
0.7820919182872174
0.780794916764353
0.780794916764353
0.7795022099485179
0.7795022099485179
