bid
0.33
0.33
0.5060046247315662
0.7758808492416154
1.1583885848305797
0.593682951364439
0.30426702348101947
0.16
0.16220679366717403
0.2319719106440622
0.27249441416753056
0.38969421973765683
0.5818127050819711
0.8686452265642634
0.5456384798865069
0.27964386679829456
0.28904011808897057
0.4617421069210474
0.7376338437498848
0.9266876669741356
0.3192189283258445
0.19
0.2836696270219079
0.39986766648344785
0.298500820551264
0.19
0.19
0.19
0.27171897074056556
0.41138247704473063
0.28342035430998236
0.19
0.19
0.2836696270219079
0.4294757686906158
0.19
0.19
0.19
0.19
0.2836696270219079
0.3563734867695271
0.24552212484228106
0.19
0.2836696270219079
0.42351819628814913
0.6323118356739497
0.4356287749262111
0.24741467659089533
0.19
0.2836696270219079
0.19543308401244286
0.24552212484228111
0.19
0.19
0.2836696270219079
0.42351819628814913
0.6323118356739497
0.7943718753765722
0.45116225546048555
