bid
0.5
0.5
0.5583473788123291
0.5922085385230091
0.46730469089638765
0.35381958957364507
0.26789438326828136
0.20283614220787782
0.17488432316054897
0.16
0.17243041194554945
0.25527357462019845
0.19328030118392733
0.161
0.161
0.161
0.2025512393929379
0.22842911175368225
0.19283148664897082
0.161
0.161
0.161
0.161
0.17350810202020914
0.161
0.161
0.161
0.161
0.161
0.20779240334719482
0.161
0.161
0.161
0.161
0.20779240334719482
0.161
0.161
0.161
0.161
0.161
0.161
0.161
0.161
0.161
0.161
0.161
0.161
0.161
0.161
0.161
0.161
0.161
0.161
0.161
0.161
0.161
0.161
0.161
0.161
