bid
0.75
0.75
0.7320246122776807
0.7144800439737182
0.5719278881945419
0.2289087792259602
0.16
0.16
0.16
0.20057068694051608
0.25926257805303393
0.3250029586129136
0.3735079293850932
0.4429026411239081
0.2625951607472918
0.19
0.19552000093702065
0.24807162491649187
0.314748009379006
0.30143540272928787
0.19
0.19
0.2631356492499759
0.3338609235375563
0.19
0.19
0.19
0.19
0.21994849022444557
0.2428013895999053
0.19
0.19
0.19
0.19
0.2111817848611403
0.19
0.19
0.19
0.19
0.21835649400253782
0.2589253407805712
0.19
0.19
0.22410115445132583
0.2575470651995407
0.30539719887173145
0.24446473555762863
0.19
0.19
0.21835649400253782
0.25094504459515965
0.2403310531803051
0.19
0.19
0.19
0.22410115445132583
0.26573731205335516
0.31343178111552167
0.19
