bid
0.5
0.5
0.6655831778407576
0.7948883971202987
0.8042603512029565
0.5813094537982014
0.4201632973324187
0.1822133068077036
0.1613588010125151
0.166798063248091
0.1872970643245981
0.19361068243791066
0.21392010801601802
0.23832267266410045
0.20670802304285443
0.19
0.2598739530326942
0.24968480668218873
0.2615651105896428
0.2890028380975419
0.19
0.19
0.21167391988596268
0.27896074888295425
0.19
0.19
0.19
0.19
0.2731218852318142
0.2817656554589851
0.19
0.19
0.19
0.21167391988596268
0.21837298292525703
0.19
0.19
0.19
0.19
0.2398393198096287
0.20802347964461718
0.19
0.19
0.19
0.19
0.19
0.19
0.19
0.19
0.21167391988596268
0.19
0.19
0.19
0.19
0.19
0.2398393198096287
0.20802347964461718
0.19
0.19
