bid
0.75
0.75
0.41795086530943737
0.23291056775054328
0.19087179910217564
0.16
0.16
0.16
0.16
0.20057068694051608
0.21206652337995247
0.2658395516962755
0.30551469724002694
0.36227682376796005
0.19
0.19
0.2005397086231588
0.2592225347219555
0.32889604692750024
0.31498503376483816
0.19
0.19
0.21835649400253782
0.2770460823377653
0.19
0.19
0.19
0.19
0.19
0.2097412170317992
0.19
0.19
0.19
0.19
0.2097412170317992
0.19
0.19
0.19
0.19
0.19
0.19
0.19
0.19
0.19
0.19
0.19
0.21835649400253782
0.19
0.19
0.22410115445132583
0.2575470651995407
0.30539719887173145
0.19
0.19
0.2253004426226809
0.2157711173171427
0.19
0.22410115445132583
0.19
