bid
0.33
0.33
0.3959874200449105
0.4751698085873466
0.5969547154965713
0.3390394904446142
0.16
0.16
0.16220679366717403
0.22136344952830836
0.19781513883407673
0.2699581226608888
0.1950600284506333
0.19
0.19
0.19
0.19638414768637197
0.19
0.19
0.2158204014885504
0.19
0.19
0.238696554146704
0.19
0.19
0.19
0.19
0.19
0.23426206628601937
0.23973416859284788
0.19
0.19
0.19
0.19
0.19
0.19
0.19
0.19
0.19
0.19
0.2158204014885504
0.19
0.19
0.19
0.2158204014885504
0.19
0.2158204014885504
0.19
0.19
0.19
0.19
0.19
0.19
0.19
0.19
0.1947528873063627
0.22121919120796635
0.2779171508024337
0.19
