bid
0.33
0.33
0.5060046247315662
0.7758808492416154
1.1583885848305797
0.6579049722576037
0.32663169034796785
0.16
0.16220679366717403
0.2319719106440622
0.3705755431995772
0.5299600272621848
0.7912292803683374
1.1813037623731517
0.5864847675406777
0.33671366244514916
0.43715462263799826
0.6983552935202291
1.1156238336099744
1.1077529854017438
0.5677318219190333
0.2818632058994932
0.19
0.30352534068642395
0.22658136890583
0.19
0.19
0.19
0.27171897074056556
0.41138247704473063
0.25840942028134933
0.19
0.19
0.2836696270219079
0.4294757686906158
0.29588565707579034
0.20384927030945008
0.19
0.19
0.2836696270219079
0.3563734867695271
0.26603245808528575
0.19
0.2836696270219079
0.42351819628814913
0.6323118356739497
0.7943718753765722
0.45116225546048555
0.19
0.19
0.2836696270219079
0.42351819628814913
0.31615591783697483
0.21781438746310555
0.32519645290349725
0.48551766581043415
0.35081400319720446
0.44072680899780786
0.32900213033411524
