bid
0.75
0.75
0.41795086530943737
0.23291056775054328
0.3225635445379984
0.22336307293784136
0.16
0.16
0.16
0.20057068694051608
0.25926257805303393
0.30012848744453835
0.3449210750982846
0.3963987192949867
0.19
0.19
0.25255575270415576
0.32645974617229595
0.42198985661484084
0.40414134032916793
0.23961374436390803
0.19
0.19
0.19
0.19
0.19
0.19
0.19
0.21994849022444557
0.2428013895999053
0.19
0.19
0.19
0.19
0.2023573347597043
0.19
0.19
0.19
0.19
0.21835649400253782
0.2589253407805712
0.19
0.19
0.19
0.2253004426226809
0.2589253407805712
0.29756857695398875
0.19
0.19
0.19
0.21835649400253782
0.25094504459515965
0.19
0.19
0.22410115445132583
0.26573731205335516
0.31510912645780204
0.25823407869124204
0.19
