bid
0.75
0.75
0.9202002676352632
1.1290247100746797
0.925243451699343
0.370320023532875
0.17732846929292959
0.16
0.17732304491758732
0.19978307865638203
0.29427926751484434
0.33155317221280983
0.45917610121635144
0.6359242184928278
0.44035350554445724
0.3608727017240478
0.3808910865989086
0.5610502687269471
0.8264236552483334
1.144534342522676
0.6749775459697918
0.46095725280991506
0.6383909789190646
0.9403460539693983
0.5575273215205179
0.22037044265405334
0.19
0.19
0.2140657180929547
0.19
0.19
0.19
0.19
0.2631356492499759
0.4267506623594154
0.3497250789402909
0.28660208788799374
0.19
0.19
0.2631356492499759
0.36442299950634915
0.2523491646755969
0.19
0.2631356492499759
0.36442299950634915
0.5046983293511939
0.4136037237704945
0.24391861047982916
0.19
0.2631356492499759
0.36442299950634915
0.4298295520946725
0.29764073225594206
0.20610496664580408
0.2854398116420436
0.39531257978010503
0.5474780649322148
0.7582157687687305
0.525035785754025
