bid
1.5
1.5
1.9591270335713782
2.537084628
2.306440570909091
1.9678731874982918
1.6790048401499975
1.4325401002240983
1.5136516699462745
1.8221440544571483
0.9923338476389852
1.194578155868676
1.0192234532097901
0.8696094453673315
0.7419576002598348
0.6330440446754759
0.6005760892048623
0.32707182505292476
0.3
0.3
0.34656847238856475
0.40036568684581125
0.5237171862944047
0.7188015430573967
0.6132871150274278
0.5232613773460305
0.4464507117678802
0.38091524937113513
0.3731756094252142
0.3927574476727743
0.4557441587141267
0.5288320805442615
0.5638776178097731
0.48110480673728956
0.4837167844432957
0.4127109549038416
0.35212822415015443
0.375463651889319
0.3
0.3
0.34811115212294824
0.30393622602142434
0.3526786327073961
0.3760505358502166
0.40097128773480534
0.34211184803212835
0.36478349364569196
0.3
0.34811115212294824
0.403937914107888
0.43070675386369817
0.36748238098704755
0.3135388500981006
0.3638212344765139
0.42216743033470844
0.4501443344530319
0.38406667721997
0.3276887017361307
0.380240304996792
