bid
0.5
0.5
0.5971367843903633
0.3560277733274336
0.27711626196748523
0.16
0.16
0.16
0.20612908416637546
0.2130775129854087
0.21872699653264988
0.1920564300867682
0.19
0.19
0.19
0.19
0.2598739530326942
0.2722390687987874
0.22544622221042807
0.22810429553282058
0.19784516282103154
0.19
0.2398393198096287
0.3231778568781386
0.19
0.19
0.19
0.19
0.22574353425931945
0.24762140594101076
0.19
0.19
0.19
0.20503701891124784
0.19
0.19
0.19
0.19
0.19
0.19
0.19
0.19
0.19
0.19
0.20503701891124784
0.19
0.19
0.19
0.19
0.19
0.19
0.19
0.19
0.19
0.19
0.19
0.20503701891124784
0.25882073237614556
0.19
