bid
0.33
0.33
0.5060046247315662
0.6071862602371091
0.501982329178818
0.25726975785354683
0.16
0.16
0.2047363260266973
0.2794034599192856
0.41889581760877315
0.47638892039423786
0.47302794443841517
0.4848608313472372
0.24849486012273106
0.19
0.19872803570674336
0.29794313579083814
0.4466914386245585
0.5073953980286862
0.2600439967685467
0.19
0.19
0.28485762262449793
0.19
0.19
0.19
0.19
0.2451927897244675
0.25866035747614013
0.19
0.19
0.19
0.19
0.20043602414122072
0.19
0.19
0.19
0.19
0.238696554146704
0.19
0.19
0.19
0.19
0.19
0.2158204014885504
0.22121919120796635
0.19
0.19
0.19
0.19
0.2158204014885504
0.19
0.19
0.19
0.19
0.19
0.19
0.19
