bid
0.5
0.5
0.5148005904897989
0.5300392959372912
0.45972703215126337
0.2116465009775912
0.16
0.16
0.183746059007773
0.26413194757957437
0.2537758536412421
0.24683938723072235
0.2749971614598739
0.3063669848617078
0.19
0.19
0.19
0.19
0.19
0.21167391988596268
0.19
0.19
0.21167391988596268
0.20337460199306132
0.19
0.19
0.19
0.19
0.2731218852318142
0.3533651468186685
0.30648955927950955
0.19
0.19
0.21167391988596268
0.23056912776024632
0.19
0.19
0.19
0.19
0.21167391988596268
0.26719857350993226
0.19
0.19
0.21167391988596268
0.26719857350993226
0.3372880217090801
0.351054170637563
0.19
0.19
0.21167391988596268
0.19
0.19775470259263384
0.19
0.19
0.21167391988596268
0.2358202545257313
0.20453756271515441
0.2278698298096719
0.19
