bid
0.5
0.5
0.5971367843903633
0.7131446785441266
0.7215528515729698
0.36503007964383843
0.16
0.16
0.17885642888354383
0.21250359147985162
0.28005415618264834
0.33273902631938146
0.3366621114813625
0.29200226197458323
0.19
0.19
0.2598739530326942
0.34248259111103463
0.35156308832817085
0.2736411487584937
0.19
0.19
0.2398393198096287
0.3160793559344355
0.19
0.19
0.19
0.19
0.19
0.208413797024841
0.19
0.19
0.19
0.19
0.1960131261241425
0.19
0.19
0.19
0.19
0.19
0.19224015255746085
0.19
0.19
0.19
0.19
0.20503701891124784
0.19
0.19
0.19
0.19
0.19224015255746085
0.19
0.19
0.19
0.19
0.20503701891124784
0.22126410065269161
0.19191235271491067
0.19
