bid
1.25
1.25
0.3816312490056616
0.16
0.21379974299061402
0.16
0.16
0.16
0.16
0.23465847919030544
0.29711874556802764
0.4357589560870292
0.39293241658504935
0.3837933704939106
0.2883950221235287
0.26
0.35127613366071403
0.29612167497167047
0.2978372018732569
0.3979844825846622
0.26
0.26
0.27894411540950553
0.26
0.26
0.26
0.26
0.26
0.38132002868424636
0.43537437292070796
0.27810768046534395
0.26
0.26
0.27894411540950553
0.26
0.26
0.26
0.26
0.26
0.27894411540950553
0.26
0.26
0.26
0.27894411540950553
0.29926853662150593
0.39989710134284456
0.36059507721194833
0.26
0.26
0.27894411540950553
0.26
0.3474245823597478
0.3132795753724055
0.2824903513703858
0.3608973851465811
0.32542826648535855
0.26
0.3321646905209941
0.26
